1653513829.032534 0 0 0 0.000000 0.000000 0.000000 1.000000
1653513829.101308 0 0 0 0.000831 0.002292 0.000122 0.999997
1653513829.170557 0 0 0 0.002877 0.004133 0.000900 0.999987
1653513829.231742 0 0 0 0.004875 0.005612 0.000906 0.999972
1653513829.311643 0 0 0 0.006204 0.007150 -0.000301 0.999955
1653513829.365866 0 0 0 0.006554 0.006530 -0.001202 0.999956
1653513829.433656 0 0 0 0.007331 0.005796 -0.001953 0.999954
1653513829.496817 0 0 0 0.006660 0.004125 -0.002304 0.999967
1653513829.575411 0 0 0 0.005915 0.001842 -0.005045 0.999968
1653513829.635458 0 0 0 0.005333 -0.001285 -0.005030 0.999972
1653513829.707422 0 0 0 0.004664 -0.002929 -0.007096 0.999960
1653513829.764410 0 0 0 0.004121 -0.004447 -0.007583 0.999953
1653513829.833605 0 0 0 0.003850 -0.006050 -0.007954 0.999943
1653513829.900824 0 0 0 0.004264 -0.007257 -0.007933 0.999933
1653513829.969423 0 0 0 0.003721 -0.008465 -0.007189 0.999931
1653513830.035274 0 0 0 0.003205 -0.009489 -0.006429 0.999929
1653513830.103144 0 0 0 0.003868 -0.010967 -0.006557 0.999911
1653513830.168641 0 0 0 0.003172 -0.012636 -0.004744 0.999904
1653513830.230166 0 0 0 0.001328 -0.013177 -0.003217 0.999907
1653513830.298075 0 0 0 0.001456 -0.014262 -0.001820 0.999896
1653513830.363789 0 0 0 0.001017 -0.015229 -0.000013 0.999884
1653513830.430130 0 0 0 0.000260 -0.015547 0.001875 0.999877
1653513830.496448 0 0 0 0.001884 -0.015596 0.002264 0.999874
1653513830.566746 0 0 0 0.002934 -0.015516 0.002985 0.999871
1653513830.632485 0 0 0 0.005349 -0.015254 0.003455 0.999863
1653513830.710686 0 0 0 0.006992 -0.014365 0.003577 0.999866
1653513830.769107 0 0 0 0.007894 -0.013235 0.003777 0.999874
1653513830.829845 0 0 0 0.008579 -0.011120 0.002888 0.999897
1653513830.913098 0 0 0 0.009146 -0.009019 0.002018 0.999915
1653513830.965222 0 0 0 0.010884 -0.007788 0.002671 0.999907
1653513831.032223 0 0 0 0.010446 -0.005868 0.002208 0.999926
1653513831.098328 0 0 0 0.009128 -0.004787 0.002779 0.999943
1653513831.163989 0 0 0 0.009030 -0.004878 0.003372 0.999942
1653513831.232199 0 0 0 0.008862 -0.005041 0.003964 0.999940
1653513831.308155 0 0 0 0.009306 -0.005889 0.005021 0.999927
1653513831.364445 0 0 0 0.009975 -0.006984 0.006079 0.999907
1653513831.436378 0 0 0 0.010556 -0.008027 0.008081 0.999879
1653513831.503266 0 0 0 0.010562 -0.009001 0.009590 0.999858
1653513831.566794 0 0 0 0.010501 -0.009970 0.011087 0.999834
1653513831.635275 0 0 0 0.011583 -0.010615 0.012755 0.999795
1653513831.706723 0 0 0 0.012577 -0.011944 0.013182 0.999763
1653513831.773754 0 0 0 0.013578 -0.012299 0.014880 0.999721
1653513831.836011 0 0 0 0.013989 -0.012380 0.014348 0.999723
1653513831.911267 0 0 0 0.014286 -0.012165 0.014521 0.999718
1653513831.975178 0 0 0 0.014391 -0.011116 0.014022 0.999736
1653513832.034308 0 0 0 0.013593 -0.010349 0.013184 0.999767
1653513832.102275 0 0 0 0.013504 -0.008862 0.011915 0.999799
1653513832.173687 0 0 0 0.012839 -0.008282 0.009816 0.999835
1653513832.233236 0 0 0 0.012205 -0.007682 0.007709 0.999866
1653513832.319272 0 0 0 0.012039 -0.008569 0.005782 0.999874
1653513832.366594 0 0 0 0.011873 -0.009456 0.003856 0.999877
1653513832.430943 0 0 0 0.011541 -0.010756 0.001766 0.999874
1653513832.500079 0 0 0 0.011297 -0.012772 0.000105 0.999855
1653513832.565658 0 0 0 0.010916 -0.014586 -0.001520 0.999833
1653513832.636465 0 0 0 0.010457 -0.017196 -0.001963 0.999796
1653513832.703716 0 0 0 0.009862 -0.019604 -0.002369 0.999756
1653513832.770637 0 0 0 0.010518 -0.021731 -0.002335 0.999706
1653513832.830285 0 0 0 0.010546 -0.023490 -0.001770 0.999667
1653513832.902418 0 0 0 0.010524 -0.024605 -0.001140 0.999641
1653513832.966781 0 0 0 0.010315 -0.025349 0.000094 0.999625
1653513833.038522 0 0 0 0.010441 -0.025759 0.001361 0.999613
1653513833.102893 0 0 0 0.010063 -0.024773 0.002182 0.999640
1653513833.168470 0 0 0 0.009588 -0.023077 0.003118 0.999683
1653513833.233854 0 0 0 0.008224 -0.021755 0.004196 0.999721
1653513833.305335 0 0 0 0.009593 -0.019166 0.004257 0.999761
1653513833.363940 0 0 0 0.010360 -0.015869 0.003646 0.999814
1653513833.436484 0 0 0 0.015531 -0.015881 0.003822 0.999746
1653513833.498759 0 0 0 0.019976 -0.015351 0.003056 0.999678
1653513833.568035 0 0 0 0.024076 -0.014475 0.001506 0.999604
1653513833.629814 0 0 0 0.028628 -0.013914 0.000625 0.999493
1653513833.718030 0 0 0 0.032975 -0.013536 -0.000129 0.999365
1653513833.764204 0 0 0 0.035741 -0.012618 -0.000239 0.999281
1653513833.836380 0 0 0 0.037568 -0.011664 -0.000166 0.999226
1653513833.901889 0 0 0 0.039396 -0.010711 -0.000093 0.999166
1653513833.976604 0 0 0 0.040814 -0.010812 0.001074 0.999108
1653513834.037928 0 0 0 0.042207 -0.010849 0.002255 0.999047
1653513834.098461 0 0 0 0.042841 -0.009687 0.003289 0.999030
1653513834.168372 0 0 0 0.041783 -0.008313 0.004759 0.999081
1653513834.243259 0 0 0 0.043627 -0.009570 0.006073 0.998984
1653513834.298502 0 0 0 0.044398 -0.008660 0.007510 0.998948
1653513834.378568 0 0 0 0.045705 -0.007671 0.008205 0.998892
1653513834.433192 0 0 0 0.047041 -0.006629 0.008836 0.998832
1653513834.505419 0 0 0 0.048878 -0.004839 0.008890 0.998753
1653513834.564015 0 0 0 0.047925 -0.003767 0.009317 0.998800
1653513834.643610 0 0 0 0.049931 -0.002463 0.009297 0.998706
1653513834.709613 0 0 0 0.049251 -0.002206 0.008962 0.998744
1653513834.765086 0 0 0 0.049074 -0.003193 0.007509 0.998762
1653513834.837074 0 0 0 0.050241 -0.004263 0.007083 0.998703
1653513834.900920 0 0 0 0.052343 -0.004500 0.005567 0.998604
1653513834.969564 0 0 0 0.054648 -0.004775 0.004004 0.998486
1653513835.031148 0 0 0 0.051664 -0.005852 0.002662 0.998644
1653513835.097204 0 0 0 0.048656 -0.008925 0.000843 0.998775
1653513835.165106 0 0 0 0.046855 -0.011753 -0.000506 0.998832
1653513835.236770 0 0 0 0.045033 -0.013024 -0.001737 0.998899
1653513835.303029 0 0 0 0.043486 -0.013163 -0.002400 0.998964
1653513835.365811 0 0 0 0.041939 -0.013301 -0.003064 0.999027
1653513835.433269 0 0 0 0.040570 -0.011850 -0.003274 0.999101
1653513835.497306 0 0 0 0.039058 -0.010467 -0.003497 0.999176
1653513835.566037 0 0 0 0.039178 -0.009280 -0.003251 0.999184
1653513835.633371 0 0 0 0.039882 -0.010494 -0.003181 0.999144
1653513835.703705 0 0 0 0.040087 -0.012035 -0.002876 0.999120
1653513835.767666 0 0 0 0.041079 -0.013290 -0.002524 0.999064
1653513835.831954 0 0 0 0.038208 -0.017018 -0.002445 0.999122
1653513835.900826 0 0 0 0.035471 -0.020884 -0.002354 0.999150
1653513835.964684 0 0 0 0.035466 -0.022522 -0.001263 0.999116
1653513836.044750 0 0 0 0.035460 -0.024160 -0.000173 0.999079
1653513836.102331 0 0 0 0.036515 -0.023724 0.001184 0.999051
1653513836.173012 0 0 0 0.036764 -0.023948 0.002092 0.999035
1653513836.233026 0 0 0 0.037940 -0.024831 0.002888 0.998967
1653513836.298235 0 0 0 0.037506 -0.026185 0.002593 0.998950
1653513836.373313 0 0 0 0.038416 -0.025241 0.002212 0.998941
1653513836.433332 0 0 0 0.039257 -0.023955 0.001857 0.998940
1653513836.508134 0 0 0 0.039508 -0.023054 0.001417 0.998952
1653513836.569276 0 0 0 0.039527 -0.022101 0.001012 0.998974
1653513836.631714 0 0 0 0.039362 -0.022413 0.001347 0.998973
1653513836.702716 0 0 0 0.040132 -0.022210 0.001326 0.998947
1653513836.764745 0 0 0 0.039761 -0.022717 0.001113 0.998950
1653513836.831462 0 0 0 0.040339 -0.023363 0.001916 0.998911
1653513836.903404 0 0 0 0.039870 -0.024250 0.002944 0.998906
1653513836.965066 0 0 0 0.040783 -0.024488 0.003276 0.998863
1653513837.033546 0 0 0 0.041166 -0.024746 0.003545 0.998840
1653513837.097902 0 0 0 0.040696 -0.024440 0.003519 0.998866
1653513837.172498 0 0 0 0.040383 -0.024050 0.003503 0.998889
1653513837.232192 0 0 0 0.040200 -0.023223 0.004094 0.998913
1653513837.301511 0 0 0 0.040754 -0.022533 0.003909 0.998907
1653513837.365391 0 0 0 0.041377 -0.021784 0.003827 0.998899
1653513837.431773 0 0 0 0.042054 -0.021026 0.003757 0.998887
1653513837.501266 0 0 0 0.041702 -0.021816 0.003530 0.998886
1653513837.564403 0 0 0 0.041085 -0.022150 0.003286 0.998905
1653513837.642265 0 0 0 0.041924 -0.023007 0.003273 0.998851
1653513837.700582 0 0 0 0.041893 -0.023200 0.003374 0.998847
1653513837.772553 0 0 0 0.040561 -0.023066 0.003656 0.998904
1653513837.832972 0 0 0 0.041231 -0.022919 0.003753 0.998880
1653513837.901006 0 0 0 0.041776 -0.022704 0.003848 0.998862
1653513837.969465 0 0 0 0.042478 -0.022348 0.003969 0.998840
1653513838.040288 0 0 0 0.042829 -0.022203 0.003815 0.998828
1653513838.096852 0 0 0 0.043338 -0.022110 0.003661 0.998809
1653513838.171614 0 0 0 0.043468 -0.021482 0.003866 0.998816
1653513838.244451 0 0 0 0.043227 -0.020945 0.003797 0.998838
1653513838.297468 0 0 0 0.043162 -0.020808 0.003827 0.998844
1653513838.368447 0 0 0 0.043146 -0.020749 0.003999 0.998845
1653513838.431654 0 0 0 0.043157 -0.020676 0.004189 0.998846
1653513838.500531 0 0 0 0.042922 -0.021130 0.004133 0.998846
1653513838.577030 0 0 0 0.043479 -0.021694 0.004159 0.998810
1653513838.632628 0 0 0 0.043269 -0.022088 0.004285 0.998810
1653513838.697614 0 0 0 0.043038 -0.022730 0.003953 0.998807
1653513838.771541 0 0 0 0.043517 -0.022480 0.004655 0.998789
1653513838.833353 0 0 0 0.043349 -0.022411 0.004440 0.998799
1653513838.903143 0 0 0 0.043291 -0.022305 0.004233 0.998805
1653513838.973727 0 0 0 0.043392 -0.022048 0.004204 0.998806
1653513839.036192 0 0 0 0.043538 -0.021783 0.004173 0.998806
1653513839.099604 0 0 0 0.043656 -0.021964 0.004244 0.998796
1653513839.164583 0 0 0 0.043661 -0.021408 0.004335 0.998808
1653513839.234289 0 0 0 0.043134 -0.021649 0.004271 0.998826
1653513839.309151 0 0 0 0.043013 -0.021576 0.004301 0.998832
1653513839.374761 0 0 0 0.042811 -0.021967 0.004387 0.998832
1653513839.430010 0 0 0 0.042485 -0.022346 0.004410 0.998837
1653513839.504583 0 0 0 0.042989 -0.022536 0.004281 0.998812
1653513839.569273 0 0 0 0.043506 -0.022720 0.004133 0.998786
1653513839.631511 0 0 0 0.043320 -0.023224 0.004454 0.998781
1653513839.705541 0 0 0 0.043759 -0.023249 0.004566 0.998761
1653513839.763882 0 0 0 0.043958 -0.023269 0.003951 0.998755
1653513839.831872 0 0 0 0.043823 -0.023302 0.004269 0.998758
1653513839.899474 0 0 0 0.043717 -0.023250 0.004553 0.998763
1653513839.966759 0 0 0 0.043488 -0.022757 0.004173 0.998786
1653513840.030912 0 0 0 0.043468 -0.022597 0.004299 0.998790
1653513840.102614 0 0 0 0.043556 -0.022271 0.004295 0.998793
1653513840.164702 0 0 0 0.043611 -0.021811 0.004282 0.998801
1653513840.234148 0 0 0 0.043147 -0.021578 0.004218 0.998827
1653513840.299115 0 0 0 0.043410 -0.021465 0.004005 0.998819
1653513840.364120 0 0 0 0.043582 -0.021923 0.004022 0.998801
1653513840.434128 0 0 0 0.044780 -0.022195 0.004565 0.998740
1653513840.498069 0 0 0 0.044387 -0.022020 0.004289 0.998763
1653513840.568640 0 0 0 0.043925 -0.021891 0.004008 0.998787
1653513840.633072 0 0 0 0.043703 -0.022589 0.004228 0.998780
1653513840.709339 0 0 0 0.043649 -0.023360 0.004434 0.998764
1653513840.768834 0 0 0 0.043578 -0.023333 0.004289 0.998768
1653513840.832950 0 0 0 0.043801 -0.023534 0.004309 0.998754
1653513840.914494 0 0 0 0.043745 -0.024096 0.004329 0.998743
1653513840.964282 0 0 0 0.043335 -0.024038 0.004323 0.998762
1653513841.031672 0 0 0 0.042919 -0.023971 0.004305 0.998782
1653513841.117068 0 0 0 0.043555 -0.024057 0.004522 0.998751
1653513841.173951 0 0 0 0.043319 -0.023509 0.004272 0.998776
1653513841.236131 0 0 0 0.043693 -0.023247 0.004378 0.998765
1653513841.304484 0 0 0 0.044091 -0.022987 0.004498 0.998753
1653513841.364639 0 0 0 0.043933 -0.022721 0.004367 0.998767
1653513841.429729 0 0 0 0.043782 -0.022473 0.004231 0.998779
1653513841.512667 0 0 0 0.044038 -0.022665 0.004030 0.998765
1653513841.563756 0 0 0 0.044050 -0.022858 0.004084 0.998759
1653513841.633388 0 0 0 0.044344 -0.023219 0.004076 0.998738
1653513841.701065 0 0 0 0.044300 -0.022907 0.003935 0.998748
1653513841.767076 0 0 0 0.044168 -0.023463 0.003833 0.998741
1653513841.835418 0 0 0 0.044105 -0.023438 0.003918 0.998744
1653513841.901677 0 0 0 0.043998 -0.023417 0.003688 0.998750
1653513841.965004 0 0 0 0.043958 -0.023253 0.003636 0.998756
1653513842.031561 0 0 0 0.043985 -0.023171 0.003840 0.998756
1653513842.105104 0 0 0 0.043910 -0.023149 0.003523 0.998761
1653513842.166138 0 0 0 0.043740 -0.023067 0.003179 0.998772
1653513842.231877 0 0 0 0.043984 -0.022905 0.003479 0.998764
1653513842.307398 0 0 0 0.044328 -0.022760 0.003780 0.998751
1653513842.377367 0 0 0 0.044186 -0.022811 0.003252 0.998758
1653513842.433627 0 0 0 0.044039 -0.022946 0.003540 0.998760
1653513842.498944 0 0 0 0.043873 -0.023066 0.003829 0.998763
1653513842.564809 0 0 0 0.043883 -0.023058 0.003442 0.998765
1653513842.631387 0 0 0 0.043866 -0.023496 0.003532 0.998755
1653513842.698495 0 0 0 0.043852 -0.023675 0.003786 0.998750
1653513842.767940 0 0 0 0.043833 -0.024006 0.003569 0.998744
1653513842.835519 0 0 0 0.043935 -0.024013 0.003572 0.998739
1653513842.896689 0 0 0 0.043968 -0.023696 0.003575 0.998745
1653513842.977485 0 0 0 0.044009 -0.023346 0.003559 0.998752
1653513843.030745 0 0 0 0.043964 -0.023660 0.003595 0.998746
1653513843.103204 0 0 0 0.043989 -0.023365 0.003541 0.998752
1653513843.170680 0 0 0 0.044067 -0.023103 0.003438 0.998755
1653513843.232808 0 0 0 0.044137 -0.022847 0.003586 0.998758
1653513843.297108 0 0 0 0.044121 -0.022927 0.003392 0.998757
1653513843.365473 0 0 0 0.044139 -0.023006 0.003493 0.998754
1653513843.433163 0 0 0 0.044206 -0.023075 0.003601 0.998749
1653513843.513608 0 0 0 0.044010 -0.023320 0.003765 0.998752
1653513843.568678 0 0 0 0.043846 -0.023296 0.003493 0.998761
1653513843.633649 0 0 0 0.043705 -0.023594 0.003673 0.998759
1653513843.701481 0 0 0 0.043621 -0.023931 0.003851 0.998754
1653513843.767041 0 0 0 0.043625 -0.024031 0.003577 0.998753
1653513843.831290 0 0 0 0.043601 -0.024108 0.003681 0.998751
1653513843.900157 0 0 0 0.043583 -0.024178 0.003770 0.998750
1653513843.963425 0 0 0 0.043674 -0.024017 0.003672 0.998750
1653513844.032287 0 0 0 0.043785 -0.023841 0.003563 0.998750
1653513844.097302 0 0 0 0.043731 -0.023794 0.003759 0.998753
1653513844.168321 0 0 0 0.044004 -0.023521 0.003567 0.998748
1653513844.241447 0 0 0 0.044114 -0.023620 0.003491 0.998741
1653513844.302845 0 0 0 0.043862 -0.023616 0.003764 0.998751
1653513844.363250 0 0 0 0.043621 -0.023441 0.003742 0.998766
1653513844.441097 0 0 0 0.043511 -0.023292 0.003711 0.998775
1653513844.505020 0 0 0 0.043679 -0.023560 0.003587 0.998761
1653513844.566563 0 0 0 0.044126 -0.023942 0.003463 0.998733
1653513844.631093 0 0 0 0.043950 -0.024312 0.003760 0.998731
1653513844.700916 0 0 0 0.044056 -0.023726 0.003812 0.998740
1653513844.769291 0 0 0 0.043938 -0.024318 0.003461 0.998732
1653513844.830155 0 0 0 0.043339 -0.024562 0.003681 0.998752
1653513844.902007 0 0 0 0.043773 -0.024469 0.003510 0.998736
1653513844.964675 0 0 0 0.044159 -0.024371 0.003337 0.998722
1653513845.031098 0 0 0 0.044362 -0.024052 0.003785 0.998719
1653513845.101169 0 0 0 0.044315 -0.023461 0.003742 0.998735
1653513845.165321 0 0 0 0.044146 -0.023577 0.003374 0.998741
1653513845.233236 0 0 0 0.043960 -0.023667 0.003649 0.998746
1653513845.305046 0 0 0 0.044050 -0.023189 0.003650 0.998753
1653513845.365170 0 0 0 0.044488 -0.022891 0.003445 0.998742
1653513845.433233 0 0 0 0.044513 -0.022791 0.003554 0.998742
1653513845.500018 0 0 0 0.044635 -0.023060 0.003658 0.998730
1653513845.562728 0 0 0 0.044247 -0.023147 0.003555 0.998746
1653513845.632332 0 0 0 0.043930 -0.023103 0.003455 0.998761
1653513845.705470 0 0 0 0.044391 -0.023647 0.003659 0.998728
1653513845.770018 0 0 0 0.043887 -0.023886 0.003554 0.998745
1653513845.829740 0 0 0 0.044275 -0.024287 0.003831 0.998717
1653513845.899848 0 0 0 0.044329 -0.024474 0.003669 0.998710
1653513845.967455 0 0 0 0.044117 -0.024624 0.003728 0.998716
1653513846.032249 0 0 0 0.043740 -0.024752 0.003788 0.998729
1653513846.099506 0 0 0 0.044293 -0.024718 0.003955 0.998705
1653513846.166618 0 0 0 0.044541 -0.024274 0.003719 0.998706
1653513846.240091 0 0 0 0.044700 -0.023843 0.003491 0.998710
1653513846.302061 0 0 0 0.043619 -0.023843 0.003792 0.998756
1653513846.364835 0 0 0 0.043885 -0.023516 0.003597 0.998753
1653513846.433129 0 0 0 0.043955 -0.023185 0.003626 0.998758
1653513846.504745 0 0 0 0.043743 -0.022994 0.003672 0.998771
1653513846.566709 0 0 0 0.044039 -0.022908 0.003559 0.998761
1653513846.641937 0 0 0 0.044480 -0.022841 0.003452 0.998743
1653513846.698780 0 0 0 0.043672 -0.023168 0.003580 0.998771
1653513846.767048 0 0 0 0.043840 -0.023290 0.003607 0.998761
1653513846.832144 0 0 0 0.043898 -0.023595 0.003664 0.998751
1653513846.900844 0 0 0 0.044009 -0.023948 0.003722 0.998737
1653513846.965961 0 0 0 0.044098 -0.024253 0.003502 0.998727
1653513847.036101 0 0 0 0.043606 -0.024540 0.003622 0.998741
1653513847.096783 0 0 0 0.043961 -0.024438 0.003772 0.998727
1653513847.166607 0 0 0 0.044720 -0.023934 0.003610 0.998706
1653513847.234280 0 0 0 0.044324 -0.023923 0.003660 0.998724
1653513847.299216 0 0 0 0.043853 -0.023892 0.003709 0.998745
1653513847.362150 0 0 0 0.043775 -0.023592 0.003618 0.998756
1653513847.436652 0 0 0 0.043715 -0.023311 0.003539 0.998766
1653513847.498972 0 0 0 0.043690 -0.023037 0.003725 0.998773
1653513847.571643 0 0 0 0.043814 -0.023202 0.003398 0.998764
1653513847.630502 0 0 0 0.043911 -0.023074 0.003628 0.998762
1653513847.700209 0 0 0 0.043997 -0.022912 0.003862 0.998761
1653513847.765154 0 0 0 0.044173 -0.023089 0.003631 0.998750
1653513847.831157 0 0 0 0.043990 -0.023364 0.003623 0.998752
1653513847.899703 0 0 0 0.044220 -0.023868 0.003655 0.998730
1653513847.969554 0 0 0 0.043895 -0.024089 0.003677 0.998739
1653513848.031203 0 0 0 0.043530 -0.024313 0.003687 0.998749
1653513848.097599 0 0 0 0.043870 -0.024490 0.003803 0.998730
1653513848.167031 0 0 0 0.043730 -0.024714 0.003694 0.998731
1653513848.232191 0 0 0 0.043881 -0.024595 0.003771 0.998727
1653513848.299819 0 0 0 0.043963 -0.024293 0.003622 0.998731
1653513848.366258 0 0 0 0.044019 -0.024016 0.003492 0.998736
1653513848.443712 0 0 0 0.043767 -0.023681 0.003764 0.998754
1653513848.504505 0 0 0 0.042989 -0.023436 0.003640 0.998794
1653513848.564606 0 0 0 0.043587 -0.022953 0.003355 0.998780
1653513848.636598 0 0 0 0.043462 -0.022709 0.003516 0.998791
1653513848.700720 0 0 0 0.043546 -0.022713 0.003845 0.998786
1653513848.771400 0 0 0 0.044405 -0.022284 0.003507 0.998759
1653513848.835704 0 0 0 0.044196 -0.022967 0.003501 0.998753
1653513848.898276 0 0 0 0.043877 -0.023353 0.003540 0.998758
1653513848.964842 0 0 0 0.043379 -0.023725 0.003582 0.998771
1653513849.032893 0 0 0 0.043827 -0.024106 0.003635 0.998742
1653513849.101841 0 0 0 0.043432 -0.024571 0.003678 0.998747
1653513849.166102 0 0 0 0.043619 -0.024711 0.003693 0.998736
1653513849.232565 0 0 0 0.043850 -0.024368 0.003700 0.998734
1653513849.305375 0 0 0 0.044255 -0.024095 0.003717 0.998723
1653513849.369852 0 0 0 0.043763 -0.024036 0.003678 0.998746
1653513849.432600 0 0 0 0.043251 -0.023968 0.003637 0.998770
1653513849.504564 0 0 0 0.043177 -0.023874 0.003677 0.998775
1653513849.570610 0 0 0 0.043156 -0.023555 0.003628 0.998784
1653513849.632104 0 0 0 0.043174 -0.023116 0.003624 0.998794
1653513849.704504 0 0 0 0.043429 -0.023256 0.003547 0.998779
1653513849.762983 0 0 0 0.043741 -0.023372 0.003485 0.998763
1653513849.831302 0 0 0 0.043535 -0.023358 0.003707 0.998772
1653513849.900019 0 0 0 0.043418 -0.023577 0.003863 0.998771
1653513849.973487 0 0 0 0.043288 -0.023718 0.003681 0.998774
1653513850.037429 0 0 0 0.043060 -0.023859 0.003483 0.998781
1653513850.099653 0 0 0 0.043265 -0.023997 0.003526 0.998769
1653513850.164377 0 0 0 0.043455 -0.024159 0.003569 0.998757
1653513850.235732 0 0 0 0.043616 -0.024164 0.003626 0.998749
1653513850.307545 0 0 0 0.043576 -0.024037 0.003706 0.998754
1653513850.369239 0 0 0 0.043399 -0.023936 0.003667 0.998764
1653513850.434320 0 0 0 0.043489 -0.023730 0.003628 0.998765
1653513850.501900 0 0 0 0.043319 -0.023652 0.003510 0.998775
1653513850.565555 0 0 0 0.043038 -0.023693 0.003382 0.998787
1653513850.633853 0 0 0 0.043289 -0.023363 0.003500 0.998783
1653513850.700439 0 0 0 0.043516 -0.022997 0.003612 0.998781
1653513850.768076 0 0 0 0.043512 -0.022867 0.003415 0.998785
1653513850.830756 0 0 0 0.043061 -0.022683 0.003526 0.998809
1653513850.901611 0 0 0 0.043387 -0.023261 0.003718 0.998781
1653513850.971556 0 0 0 0.043064 -0.023423 0.003614 0.998791
1653513851.034352 0 0 0 0.042860 -0.023596 0.003509 0.998796
1653513851.099643 0 0 0 0.043117 -0.023616 0.003476 0.998785
1653513851.168157 0 0 0 0.043275 -0.023639 0.003444 0.998778
1653513851.236487 0 0 0 0.043336 -0.023756 0.003679 0.998771
1653513851.299374 0 0 0 0.043262 -0.024402 0.003924 0.998758
1653513851.364088 0 0 0 0.042642 -0.024024 0.003522 0.998795
1653513851.439224 0 0 0 0.043798 -0.024200 0.003635 0.998741
1653513851.505213 0 0 0 0.043631 -0.023966 0.003579 0.998754
1653513851.565702 0 0 0 0.043524 -0.023747 0.003534 0.998764
1653513851.634316 0 0 0 0.043353 -0.023464 0.003560 0.998778
1653513851.703592 0 0 0 0.043225 -0.023217 0.003591 0.998789
1653513851.766462 0 0 0 0.043348 -0.023012 0.003542 0.998789
1653513851.830232 0 0 0 0.043607 -0.022783 0.003497 0.998783
1653513851.900719 0 0 0 0.043487 -0.022781 0.003630 0.998788
1653513851.982118 0 0 0 0.043875 -0.022551 0.003438 0.998777
1653513852.032746 0 0 0 0.043168 -0.022680 0.003490 0.998804
1653513852.100337 0 0 0 0.042606 -0.022891 0.003571 0.998823
1653513852.166133 0 0 0 0.043056 -0.023270 0.003604 0.998795
1653513852.238348 0 0 0 0.042968 -0.023525 0.003647 0.998793
1653513852.310439 0 0 0 0.043311 -0.023559 0.003621 0.998777
1653513852.382614 0 0 0 0.043706 -0.023535 0.003588 0.998761
1653513852.431071 0 0 0 0.043192 -0.023798 0.003798 0.998776
1653513852.512760 0 0 0 0.043277 -0.023954 0.003517 0.998770
1653513852.567117 0 0 0 0.043184 -0.024101 0.003197 0.998771
1653513852.641911 0 0 0 0.042928 -0.023770 0.003492 0.998789
1653513852.699578 0 0 0 0.043336 -0.023592 0.003567 0.998776
1653513852.771980 0 0 0 0.043450 -0.023360 0.003569 0.998776
1653513852.845867 0 0 0 0.043599 -0.023110 0.003541 0.998776
1653513852.897311 0 0 0 0.043525 -0.023131 0.003720 0.998778
1653513852.966233 0 0 0 0.043584 -0.022873 0.003531 0.998782
1653513853.034245 0 0 0 0.043726 -0.022654 0.003342 0.998781
1653513853.104395 0 0 0 0.043475 -0.022590 0.003590 0.998793
1653513853.163599 0 0 0 0.043537 -0.022846 0.003431 0.998785
1653513853.235109 0 0 0 0.043732 -0.022782 0.003497 0.998777
1653513853.298609 0 0 0 0.043907 -0.022684 0.003554 0.998772
1653513853.369650 0 0 0 0.044020 -0.023099 0.003446 0.998758
1653513853.435832 0 0 0 0.043571 -0.023223 0.003581 0.998774
1653513853.508037 0 0 0 0.043869 -0.023511 0.003706 0.998754
1653513853.570781 0 0 0 0.043169 -0.023778 0.003429 0.998779
1653513853.634436 0 0 0 0.042929 -0.023769 0.003638 0.998789
1653513853.701045 0 0 0 0.042640 -0.023735 0.003852 0.998801
1653513853.770620 0 0 0 0.043014 -0.023744 0.003630 0.998786
1653513853.830074 0 0 0 0.043280 -0.023771 0.003457 0.998774
1653513853.898623 0 0 0 0.043374 -0.023795 0.003731 0.998769
1653513853.975509 0 0 0 0.043600 -0.023451 0.003621 0.998767
1653513854.033105 0 0 0 0.043773 -0.023122 0.003519 0.998768
1653513854.101288 0 0 0 0.043961 -0.022873 0.003720 0.998764
1653513854.167916 0 0 0 0.044051 -0.022459 0.003303 0.998771
1653513854.233114 0 0 0 0.044506 -0.022591 0.003450 0.998748
1653513854.301188 0 0 0 0.045064 -0.022781 0.003611 0.998718
1653513854.368437 0 0 0 0.044305 -0.022771 0.003539 0.998752
1653513854.432452 0 0 0 0.043618 -0.022828 0.003455 0.998781
1653513854.506696 0 0 0 0.043923 -0.022983 0.003455 0.998765
1653513854.565224 0 0 0 0.044159 -0.023137 0.003451 0.998751
1653513854.632369 0 0 0 0.043952 -0.023318 0.003635 0.998755
1653513854.704520 0 0 0 0.043718 -0.023554 0.003815 0.998759
1653513854.776515 0 0 0 0.044034 -0.023530 0.003506 0.998747
1653513854.831375 0 0 0 0.043401 -0.023790 0.003494 0.998768
1653513854.899015 0 0 0 0.043738 -0.023624 0.003489 0.998758
1653513854.965354 0 0 0 0.044109 -0.023487 0.003500 0.998744
1653513855.035560 0 0 0 0.043333 -0.023489 0.003519 0.998778
1653513855.096627 0 0 0 0.043457 -0.023177 0.003455 0.998780
1653513855.168428 0 0 0 0.043641 -0.022841 0.003389 0.998780
1653513855.230409 0 0 0 0.043315 -0.022848 0.003326 0.998795
1653513855.300090 0 0 0 0.043330 -0.022839 0.003651 0.998793
1653513855.366406 0 0 0 0.043738 -0.022685 0.003390 0.998780
1653513855.429933 0 0 0 0.043494 -0.022568 0.003427 0.998793
1653513855.511472 0 0 0 0.043507 -0.022921 0.003751 0.998783
1653513855.571517 0 0 0 0.043419 -0.023071 0.003560 0.998784
1653513855.633600 0 0 0 0.043855 -0.023117 0.003372 0.998765
1653513855.700717 0 0 0 0.043964 -0.023605 0.003715 0.998747
1653513855.764212 0 0 0 0.043806 -0.023736 0.003654 0.998751
1653513855.830287 0 0 0 0.043810 -0.023878 0.003582 0.998748
1653513855.896691 0 0 0 0.043668 -0.023816 0.003548 0.998756
1653513855.967573 0 0 0 0.043493 -0.023784 0.003496 0.998764
1653513856.035378 0 0 0 0.043387 -0.023723 0.003348 0.998771
1653513856.095999 0 0 0 0.043832 -0.023525 0.003700 0.998755
1653513856.173753 0 0 0 0.043100 -0.023441 0.003471 0.998790
1653513856.233386 0 0 0 0.043368 -0.023156 0.003234 0.998786
1653513856.298018 0 0 0 0.043304 -0.022974 0.003417 0.998792
1653513856.362695 0 0 0 0.043280 -0.022768 0.003610 0.998797
1653513856.435361 0 0 0 0.043115 -0.022801 0.003405 0.998804
1653513856.499045 0 0 0 0.043006 -0.022780 0.003412 0.998809
1653513856.565383 0 0 0 0.043276 -0.022707 0.003464 0.998799
1653513856.634722 0 0 0 0.043588 -0.022683 0.003513 0.998786
1653513856.699955 0 0 0 0.043401 -0.022918 0.003460 0.998789
1653513856.766160 0 0 0 0.043256 -0.023162 0.003406 0.998790
1653513856.833630 0 0 0 0.043026 -0.023400 0.003471 0.998794
1653513856.899091 0 0 0 0.043154 -0.023402 0.003563 0.998788
1653513856.964242 0 0 0 0.043167 -0.023362 0.003438 0.998789
1653513857.049671 0 0 0 0.043198 -0.023306 0.003453 0.998789
1653513857.097651 0 0 0 0.043242 -0.023247 0.003460 0.998788
1653513857.163702 0 0 0 0.043279 -0.023114 0.003428 0.998790
1653513857.230417 0 0 0 0.043266 -0.022962 0.003354 0.998794
1653513857.303101 0 0 0 0.043411 -0.022875 0.003319 0.998790
1653513857.364346 0 0 0 0.043520 -0.022777 0.003287 0.998787
1653513857.430456 0 0 0 0.043601 -0.022821 0.003457 0.998782
1653513857.503017 0 0 0 0.043382 -0.022588 0.003363 0.998798
1653513857.564959 0 0 0 0.043535 -0.022541 0.003152 0.998793
1653513857.635152 0 0 0 0.043426 -0.022682 0.003355 0.998793
1653513857.703110 0 0 0 0.043353 -0.022805 0.003586 0.998793
1653513857.765144 0 0 0 0.043409 -0.022850 0.003489 0.998790
1653513857.829676 0 0 0 0.043454 -0.022896 0.003398 0.998787
1653513857.899311 0 0 0 0.043415 -0.023142 0.003436 0.998783
1653513857.962775 0 0 0 0.043395 -0.023391 0.003476 0.998778
1653513858.032977 0 0 0 0.043226 -0.023196 0.003481 0.998790
1653513858.096997 0 0 0 0.043311 -0.023155 0.003416 0.998787
1653513858.170600 0 0 0 0.043401 -0.023115 0.003373 0.998785
1653513858.233531 0 0 0 0.043383 -0.022989 0.003468 0.998788
1653513858.304606 0 0 0 0.043375 -0.022928 0.003399 0.998790
1653513858.364469 0 0 0 0.043365 -0.022730 0.003332 0.998795
1653513858.441278 0 0 0 0.043163 -0.022606 0.003407 0.998806
1653513858.497319 0 0 0 0.043334 -0.022848 0.003377 0.998794
1653513858.567526 0 0 0 0.043522 -0.023081 0.003361 0.998780
1653513858.636756 0 0 0 0.043207 -0.022906 0.003438 0.998798
1653513858.703250 0 0 0 0.043372 -0.022941 0.003620 0.998789
1653513858.767317 0 0 0 0.043592 -0.023074 0.003370 0.998777
1653513858.836045 0 0 0 0.043662 -0.023360 0.003461 0.998767
1653513858.903065 0 0 0 0.043297 -0.023385 0.003443 0.998783
1653513858.968975 0 0 0 0.042917 -0.023421 0.003428 0.998798
1653513859.031241 0 0 0 0.043005 -0.023393 0.003356 0.998795
1653513859.103191 0 0 0 0.043206 -0.023460 0.003390 0.998785
1653513859.170794 0 0 0 0.043501 -0.023473 0.003425 0.998772
1653513859.249385 0 0 0 0.043001 -0.023992 0.003453 0.998781
1653513859.296885 0 0 0 0.042743 -0.023783 0.003680 0.998796
1653513859.368138 0 0 0 0.043228 -0.023507 0.003487 0.998783
1653513859.433657 0 0 0 0.043033 -0.023988 0.003712 0.998779
1653513859.501186 0 0 0 0.043501 -0.024598 0.003667 0.998744
1653513859.563443 0 0 0 0.043319 -0.024696 0.003633 0.998749
1653513859.631208 0 0 0 0.043056 -0.024864 0.003667 0.998756
1653513859.696879 0 0 0 0.042715 -0.025004 0.003686 0.998768
1653513859.766879 0 0 0 0.043040 -0.025051 0.003329 0.998754
1653513859.832489 0 0 0 0.043063 -0.025337 0.003752 0.998744
1653513859.897970 0 0 0 0.043532 -0.025315 0.003998 0.998723
1653513859.966319 0 0 0 0.043397 -0.025171 0.003848 0.998733
1653513860.030970 0 0 0 0.043492 -0.025017 0.003709 0.998734
1653513860.095619 0 0 0 0.043150 -0.024962 0.004004 0.998749
1653513860.167348 0 0 0 0.043076 -0.025213 0.003723 0.998747
1653513860.230954 0 0 0 0.043443 -0.024997 0.003735 0.998736
1653513860.301766 0 0 0 0.043190 -0.025060 0.003995 0.998745
1653513860.367156 0 0 0 0.043087 -0.025002 0.003890 0.998751
1653513860.434073 0 0 0 0.043273 -0.025227 0.004012 0.998737
1653513860.502056 0 0 0 0.043452 -0.025452 0.004134 0.998723
1653513860.565343 0 0 0 0.043309 -0.025450 0.004148 0.998729
1653513860.629062 0 0 0 0.043123 -0.025477 0.004149 0.998736
1653513860.699238 0 0 0 0.042721 -0.025372 0.004151 0.998756
1653513860.765764 0 0 0 0.042901 -0.025291 0.004304 0.998750
1653513860.830242 0 0 0 0.042867 -0.024983 0.004370 0.998759
1653513860.903510 0 0 0 0.042897 -0.024676 0.004450 0.998765
1653513860.967038 0 0 0 0.042733 -0.024619 0.004450 0.998773
1653513861.031588 0 0 0 0.042446 -0.024542 0.004466 0.998787
1653513861.099785 0 0 0 0.042802 -0.024634 0.004384 0.998770
1653513861.163967 0 0 0 0.043083 -0.024884 0.004311 0.998752
1653513861.231472 0 0 0 0.042505 -0.024849 0.004619 0.998777
1653513861.298634 0 0 0 0.042929 -0.024976 0.004809 0.998754
1653513861.370302 0 0 0 0.042892 -0.024948 0.004983 0.998756
1653513861.429760 0 0 0 0.042397 -0.024842 0.005189 0.998779
1653513861.499048 0 0 0 0.042570 -0.025169 0.005397 0.998762
1653513861.565461 0 0 0 0.043013 -0.025736 0.005669 0.998727
1653513861.639095 0 0 0 0.042106 -0.025837 0.005748 0.998762
1653513861.697726 0 0 0 0.043053 -0.026099 0.006106 0.998713
1653513861.769304 0 0 0 0.043176 -0.026115 0.005973 0.998708
1653513861.831977 0 0 0 0.044440 -0.025344 0.006169 0.998671
1653513861.899132 0 0 0 0.044277 -0.024847 0.006396 0.998690
1653513861.964353 0 0 0 0.043053 -0.024168 0.006562 0.998759
1653513862.030670 0 0 0 0.042789 -0.023454 0.006904 0.998785
1653513862.096241 0 0 0 0.042827 -0.023014 0.007174 0.998792
1653513862.169127 0 0 0 0.045236 -0.022827 0.007207 0.998689
1653513862.235285 0 0 0 0.045424 -0.022460 0.007851 0.998684
1653513862.302463 0 0 0 0.044839 -0.020145 0.008266 0.998757
1653513862.367840 0 0 0 0.045238 -0.017824 0.009102 0.998776
1653513862.437848 0 0 0 0.045637 -0.015504 0.009939 0.998788
1653513862.497992 0 0 0 0.049053 -0.014007 0.010163 0.998646
1653513862.568815 0 0 0 0.051253 -0.011985 0.010588 0.998558
1653513862.632763 0 0 0 0.052988 -0.009908 0.010883 0.998487
1653513862.701311 0 0 0 0.054723 -0.007830 0.011178 0.998408
1653513862.771338 0 0 0 0.056060 -0.004603 0.010607 0.998360
1653513862.832239 0 0 0 0.055223 -0.006771 0.009306 0.998408
1653513862.903602 0 0 0 0.054223 -0.007474 0.008108 0.998468
1653513862.970968 0 0 0 0.052700 -0.007411 0.007250 0.998557
1653513863.034380 0 0 0 0.050413 -0.007426 0.007096 0.998676
1653513863.102313 0 0 0 0.049108 -0.008001 0.006607 0.998740
1653513863.162632 0 0 0 0.048057 -0.006522 0.006855 0.998800
1653513863.234580 0 0 0 0.048204 -0.008724 0.006960 0.998775
1653513863.302357 0 0 0 0.046413 -0.010653 0.007548 0.998837
1653513863.364892 0 0 0 0.049178 -0.009869 0.008066 0.998709
1653513863.437909 0 0 0 0.052847 -0.009889 0.009417 0.998509
1653513863.507733 0 0 0 0.056034 -0.010931 0.009866 0.998320
1653513863.562348 0 0 0 0.059741 -0.011137 0.010331 0.998098
1653513863.630598 0 0 0 0.063714 -0.010827 0.011505 0.997843
1653513863.697697 0 0 0 0.067686 -0.010517 0.012678 0.997571
1653513863.771250 0 0 0 0.070982 -0.010260 0.013487 0.997334
1653513863.829900 0 0 0 0.069336 -0.010419 0.014104 0.997439
1653513863.902403 0 0 0 0.067646 -0.010545 0.014734 0.997545
1653513863.964615 0 0 0 0.067038 -0.011461 0.014629 0.997577
1653513864.030493 0 0 0 0.068601 -0.011297 0.014481 0.997475
1653513864.097172 0 0 0 0.067324 -0.012045 0.013897 0.997562
1653513864.166029 0 0 0 0.066264 -0.011954 0.013534 0.997639
1653513864.229689 0 0 0 0.065203 -0.011863 0.013171 0.997715
1653513864.305038 0 0 0 0.064551 -0.012252 0.012944 0.997755
1653513864.365798 0 0 0 0.066452 -0.012878 0.012555 0.997628
1653513864.432966 0 0 0 0.064570 -0.011919 0.012166 0.997768
1653513864.501433 0 0 0 0.062688 -0.010960 0.011777 0.997903
1653513864.565764 0 0 0 0.063791 -0.011125 0.011248 0.997838
1653513864.630499 0 0 0 0.065290 -0.011425 0.010854 0.997742
1653513864.704437 0 0 0 0.066205 -0.011596 0.011425 0.997673
1653513864.768269 0 0 0 0.065191 -0.011505 0.011149 0.997744
1653513864.830611 0 0 0 0.065486 -0.012039 0.011042 0.997720
1653513864.903589 0 0 0 0.064624 -0.012363 0.011095 0.997771
1653513864.967633 0 0 0 0.065404 -0.012106 0.011483 0.997719
1653513865.031702 0 0 0 0.065483 -0.011493 0.011766 0.997718
1653513865.097926 0 0 0 0.064219 -0.011506 0.012424 0.997792
1653513865.169437 0 0 0 0.065675 -0.010974 0.013116 0.997695
1653513865.233436 0 0 0 0.066596 -0.010872 0.014250 0.997619
1653513865.300382 0 0 0 0.066443 -0.009227 0.014858 0.997637
1653513865.367792 0 0 0 0.067489 -0.010122 0.014559 0.997562
1653513865.432223 0 0 0 0.065803 -0.008760 0.015628 0.997672
1653513865.500335 0 0 0 0.067801 -0.008174 0.016078 0.997536
1653513865.564555 0 0 0 0.066327 -0.006697 0.016074 0.997646
1653513865.632977 0 0 0 0.066644 -0.004950 0.016405 0.997630
1653513865.698178 0 0 0 0.067346 -0.003066 0.016752 0.997584
1653513865.778384 0 0 0 0.064234 -0.002519 0.015600 0.997810
1653513865.832656 0 0 0 0.063452 -0.002320 0.015540 0.997861
1653513865.903091 0 0 0 0.065083 -0.002822 0.015437 0.997756
1653513865.965579 0 0 0 0.064266 -0.002306 0.014391 0.997826
1653513866.031472 0 0 0 0.063271 -0.001886 0.013429 0.997904
1653513866.099415 0 0 0 0.063266 -0.001229 0.012185 0.997922
1653513866.166000 0 0 0 0.064186 -0.000849 0.011014 0.997877
1653513866.231100 0 0 0 0.065034 -0.000552 0.010067 0.997832
1653513866.299277 0 0 0 0.063954 -0.000725 0.008899 0.997913
1653513866.370405 0 0 0 0.062873 -0.000898 0.007731 0.997991
1653513866.431059 0 0 0 0.063461 -0.000349 0.006783 0.997961
1653513866.501248 0 0 0 0.064022 0.000241 0.006337 0.997928
1653513866.566031 0 0 0 0.064583 0.000831 0.005892 0.997895
1653513866.632600 0 0 0 0.064693 0.001254 0.006361 0.997884
1653513866.697193 0 0 0 0.064315 0.000782 0.006581 0.997908
1653513866.765480 0 0 0 0.064507 0.001017 0.007481 0.997889
1653513866.831725 0 0 0 0.065282 0.000219 0.008520 0.997830
1653513866.896971 0 0 0 0.065266 -0.001085 0.009859 0.997819
1653513866.968637 0 0 0 0.065853 -0.001492 0.011730 0.997759
1653513867.031250 0 0 0 0.066325 -0.001848 0.013635 0.997703
1653513867.101002 0 0 0 0.064822 -0.003535 0.015474 0.997771
1653513867.163150 0 0 0 0.065693 -0.004765 0.017955 0.997667
1653513867.237611 0 0 0 0.065239 -0.005965 0.020509 0.997641
1653513867.298287 0 0 0 0.065072 -0.007569 0.023145 0.997583
1653513867.364534 0 0 0 0.065331 -0.009324 0.025870 0.997485
1653513867.432779 0 0 0 0.064275 -0.010606 0.029096 0.997452
1653513867.502061 0 0 0 0.065315 -0.012776 0.031885 0.997273
1653513867.569360 0 0 0 0.066471 -0.015295 0.034966 0.997058
1653513867.641829 0 0 0 0.065869 -0.017147 0.038796 0.996926
1653513867.699463 0 0 0 0.065445 -0.019538 0.042558 0.996757
1653513867.769660 0 0 0 0.065156 -0.020283 0.046542 0.996583
1653513867.830031 0 0 0 0.064939 -0.021598 0.050471 0.996378
1653513867.905848 0 0 0 0.063557 -0.022205 0.054712 0.996230
1653513867.965460 0 0 0 0.062122 -0.022777 0.058952 0.996066
1653513868.032494 0 0 0 0.060978 -0.022056 0.064154 0.995831
1653513868.102599 0 0 0 0.060841 -0.022263 0.069394 0.995483
1653513868.164652 0 0 0 0.060217 -0.021817 0.073936 0.995204
1653513868.246160 0 0 0 0.059261 -0.023295 0.078638 0.994868
1653513868.299523 0 0 0 0.058683 -0.024306 0.083141 0.994511
1653513868.365393 0 0 0 0.058161 -0.026942 0.088550 0.994007
1653513868.436572 0 0 0 0.057752 -0.028582 0.093887 0.993495
1653513868.505236 0 0 0 0.056722 -0.030309 0.098874 0.993020
1653513868.572783 0 0 0 0.055369 -0.030420 0.104554 0.992511
1653513868.631467 0 0 0 0.054014 -0.030531 0.110231 0.991968
1653513868.703327 0 0 0 0.053060 -0.030597 0.116543 0.991295
1653513868.766669 0 0 0 0.052804 -0.030405 0.122156 0.990639
1653513868.835523 0 0 0 0.050728 -0.029899 0.128712 0.989932
1653513868.896451 0 0 0 0.051092 -0.031253 0.135083 0.989022
1653513868.968374 0 0 0 0.049055 -0.030787 0.141746 0.988207
1653513869.030732 0 0 0 0.048503 -0.032388 0.147997 0.987267
1653513869.098557 0 0 0 0.048506 -0.033853 0.154513 0.986218
1653513869.163927 0 0 0 0.047945 -0.034976 0.160469 0.985255
1653513869.240855 0 0 0 0.046386 -0.035948 0.167696 0.984090
1653513869.313102 0 0 0 0.046018 -0.037995 0.173834 0.982965
1653513869.363366 0 0 0 0.046152 -0.040024 0.180841 0.981613
1653513869.431614 0 0 0 0.046391 -0.041881 0.187829 0.980211
1653513869.497341 0 0 0 0.045559 -0.041965 0.194890 0.978867
1653513869.573490 0 0 0 0.045404 -0.043955 0.202211 0.977301
1653513869.630144 0 0 0 0.045246 -0.045941 0.209520 0.975676
1653513869.705206 0 0 0 0.045087 -0.046656 0.217072 0.973997
1653513869.768122 0 0 0 0.044851 -0.047378 0.224569 0.972272
1653513869.830223 0 0 0 0.045715 -0.048018 0.232807 0.970261
1653513869.903462 0 0 0 0.045451 -0.048568 0.240433 0.968384
1653513869.965940 0 0 0 0.044773 -0.049644 0.247860 0.966487
1653513870.033808 0 0 0 0.045360 -0.049949 0.256187 0.964270
1653513870.103519 0 0 0 0.044352 -0.050219 0.264136 0.962155
1653513870.167924 0 0 0 0.043339 -0.049776 0.272192 0.959977
1653513870.232545 0 0 0 0.042510 -0.051392 0.280325 0.957585
1653513870.300404 0 0 0 0.043035 -0.051676 0.288623 0.955078
1653513870.368822 0 0 0 0.042773 -0.053327 0.296286 0.952649
1653513870.436054 0 0 0 0.042744 -0.055524 0.303949 0.950108
1653513870.496705 0 0 0 0.042713 -0.057716 0.311591 0.947500
1653513870.571258 0 0 0 0.042212 -0.060365 0.319160 0.944834
1653513870.632639 0 0 0 0.041708 -0.063010 0.326707 0.942100
1653513870.700014 0 0 0 0.042486 -0.063236 0.334679 0.939248
1653513870.764750 0 0 0 0.041750 -0.066389 0.342245 0.936332
1653513870.838394 0 0 0 0.041452 -0.070365 0.349983 0.933189
1653513870.909121 0 0 0 0.040931 -0.072732 0.357847 0.930043
1653513870.975767 0 0 0 0.040360 -0.075080 0.365596 0.926862
1653513871.034133 0 0 0 0.038818 -0.076670 0.373969 0.923451
1653513871.101581 0 0 0 0.037023 -0.078094 0.382247 0.920010
1653513871.167867 0 0 0 0.035261 -0.079433 0.390444 0.916515
1653513871.229349 0 0 0 0.033481 -0.079947 0.399289 0.912719
1653513871.302213 0 0 0 0.031663 -0.081860 0.407434 0.909007
1653513871.363810 0 0 0 0.029243 -0.083785 0.415333 0.905330
1653513871.430560 0 0 0 0.027839 -0.084998 0.424034 0.901219
1653513871.497176 0 0 0 0.026431 -0.086203 0.432693 0.897021
1653513871.565643 0 0 0 0.025181 -0.088082 0.440427 0.893102
1653513871.629573 0 0 0 0.024526 -0.090074 0.448742 0.888772
1653513871.698415 0 0 0 0.023869 -0.092059 0.457015 0.884360
1653513871.766287 0 0 0 0.022411 -0.092020 0.465337 0.880052
1653513871.833491 0 0 0 0.021650 -0.094339 0.473585 0.875414
1653513871.903909 0 0 0 0.020015 -0.097591 0.480940 0.871075
1653513871.971492 0 0 0 0.019149 -0.099972 0.488898 0.866382
1653513872.029698 0 0 0 0.018076 -0.101571 0.496505 0.861881
1653513872.100854 0 0 0 0.016787 -0.102821 0.504359 0.857186
1653513872.167223 0 0 0 0.015522 -0.104076 0.512212 0.852388
1653513872.237611 0 0 0 0.014759 -0.105290 0.520115 0.847453
1653513872.303502 0 0 0 0.013520 -0.105244 0.528038 0.842565
1653513872.374022 0 0 0 0.012182 -0.105434 0.535559 0.837802
1653513872.444049 0 0 0 0.010976 -0.105911 0.543535 0.832606
1653513872.515209 0 0 0 0.010859 -0.106524 0.550855 0.827704
1653513872.563255 0 0 0 0.009694 -0.106061 0.558527 0.822620
1653513872.636366 0 0 0 0.008481 -0.105444 0.566259 0.817411
1653513872.702002 0 0 0 0.007996 -0.105694 0.573641 0.812220
1653513872.771106 0 0 0 0.006444 -0.105836 0.580698 0.807184
1653513872.831539 0 0 0 0.005337 -0.106077 0.588381 0.801578
1653513872.897168 0 0 0 0.004241 -0.106260 0.596156 0.795794
1653513872.968732 0 0 0 0.002766 -0.106530 0.603304 0.790360
1653513873.031112 0 0 0 0.001888 -0.106550 0.610477 0.784832
1653513873.100875 0 0 0 0.001224 -0.106671 0.617369 0.779407
1653513873.165546 0 0 0 -0.000546 -0.107278 0.623826 0.774165
1653513873.229306 0 0 0 -0.001390 -0.110059 0.630779 0.768116
1653513873.300628 0 0 0 -0.001170 -0.109829 0.637903 0.762244
1653513873.365919 0 0 0 -0.000850 -0.111539 0.644462 0.756457
1653513873.431028 0 0 0 -0.000695 -0.113908 0.651141 0.750360
1653513873.498055 0 0 0 -0.000540 -0.116267 0.657764 0.744196
1653513873.564364 0 0 0 -0.001255 -0.117671 0.664232 0.738206
1653513873.642577 0 0 0 -0.001334 -0.119453 0.670878 0.731882
1653513873.703024 0 0 0 -0.001429 -0.121611 0.677416 0.725477
1653513873.765577 0 0 0 -0.002436 -0.123171 0.684120 0.718890
1653513873.832784 0 0 0 -0.004483 -0.123136 0.691209 0.712073
1653513873.896221 0 0 0 -0.005501 -0.125093 0.697581 0.705480
1653513873.973640 0 0 0 -0.006684 -0.127033 0.704268 0.698444
1653513874.031149 0 0 0 -0.007780 -0.129103 0.710924 0.691273
1653513874.108098 0 0 0 -0.009152 -0.129713 0.717780 0.684020
1653513874.168770 0 0 0 -0.010649 -0.130394 0.724597 0.676641
1653513874.232446 0 0 0 -0.012506 -0.132028 0.731373 0.668959
1653513874.296462 0 0 0 -0.013619 -0.132783 0.738041 0.661422
1653513874.365143 0 0 0 -0.014896 -0.134106 0.744844 0.653454
1653513874.435312 0 0 0 -0.017586 -0.135303 0.751583 0.645374
1653513874.498658 0 0 0 -0.019166 -0.135661 0.758196 0.637469
1653513874.569461 0 0 0 -0.020621 -0.137489 0.764940 0.628918
1653513874.631362 0 0 0 -0.021754 -0.138101 0.771309 0.620917
1653513874.696851 0 0 0 -0.024367 -0.139628 0.777383 0.612851
1653513874.764948 0 0 0 -0.025309 -0.140677 0.783805 0.604334
1653513874.867787 0 0 0 -0.027009 -0.143897 0.789512 0.596016
1653513874.901891 0 0 0 -0.027968 -0.145423 0.795465 0.587626
1653513874.965815 0 0 0 -0.028923 -0.146932 0.801332 0.579173
1653513875.035802 0 0 0 -0.029134 -0.146658 0.808102 0.569748
1653513875.100229 0 0 0 -0.030264 -0.147264 0.813926 0.561179
1653513875.166584 0 0 0 -0.033095 -0.148903 0.819639 0.552199
1653513875.230190 0 0 0 -0.033053 -0.152628 0.824662 0.543640
1653513875.297440 0 0 0 -0.034466 -0.150912 0.830848 0.534537
1653513875.366253 0 0 0 -0.034612 -0.153049 0.836390 0.525195
1653513875.432688 0 0 0 -0.035279 -0.155274 0.841849 0.515689
1653513875.500009 0 0 0 -0.037433 -0.156449 0.847425 0.505959
1653513875.578625 0 0 0 -0.039183 -0.157497 0.852992 0.496049
1653513875.637029 0 0 0 -0.041006 -0.158439 0.858466 0.486058
1653513875.707253 0 0 0 -0.042824 -0.159359 0.863824 0.476002
1653513875.765076 0 0 0 -0.044228 -0.161505 0.868648 0.466273
1653513875.834352 0 0 0 -0.046684 -0.164371 0.873609 0.455642
1653513875.916858 0 0 0 -0.046680 -0.162843 0.879371 0.444983
1653513875.963279 0 0 0 -0.048079 -0.163670 0.884247 0.434750
1653513876.033558 0 0 0 -0.049675 -0.164442 0.888966 0.424536
1653513876.096165 0 0 0 -0.050127 -0.166135 0.893158 0.414916
1653513876.164909 0 0 0 -0.050573 -0.167810 0.897249 0.405249
1653513876.230244 0 0 0 -0.051266 -0.168515 0.901367 0.395616
1653513876.298138 0 0 0 -0.053005 -0.171396 0.904843 0.386100
1653513876.362382 0 0 0 -0.054005 -0.171678 0.908655 0.376771
1653513876.433843 0 0 0 -0.054830 -0.173992 0.911941 0.367537
1653513876.510473 0 0 0 -0.057003 -0.174872 0.915173 0.358649
1653513876.566903 0 0 0 -0.059536 -0.175520 0.918314 0.349781
1653513876.634415 0 0 0 -0.061905 -0.176769 0.921234 0.340953
1653513876.699419 0 0 0 -0.065213 -0.176575 0.924354 0.331870
1653513876.763440 0 0 0 -0.068348 -0.176155 0.927556 0.322393
1653513876.836455 0 0 0 -0.071606 -0.176843 0.930348 0.313133
1653513876.896385 0 0 0 -0.074716 -0.177607 0.933031 0.303853
1653513876.965442 0 0 0 -0.077539 -0.179132 0.935525 0.294436
1653513877.032739 0 0 0 -0.081036 -0.180556 0.937893 0.284937
1653513877.109972 0 0 0 -0.082573 -0.180894 0.940551 0.275360
1653513877.167998 0 0 0 -0.084054 -0.181249 0.943084 0.265849
1653513877.239477 0 0 0 -0.085501 -0.181621 0.945507 0.256358
1653513877.296705 0 0 0 -0.086560 -0.183579 0.947660 0.246468
1653513877.367857 0 0 0 -0.087609 -0.185517 0.949711 0.236551
1653513877.433291 0 0 0 -0.088472 -0.185580 0.952067 0.226497
1653513877.497392 0 0 0 -0.089164 -0.185985 0.954109 0.217105
1653513877.565230 0 0 0 -0.089431 -0.185883 0.956339 0.207038
1653513877.640513 0 0 0 -0.092113 -0.185577 0.958172 0.197442
1653513877.699689 0 0 0 -0.093786 -0.186470 0.959667 0.188341
1653513877.778719 0 0 0 -0.095887 -0.187359 0.961039 0.179180
1653513877.829206 0 0 0 -0.097697 -0.187494 0.962420 0.170437
1653513877.902032 0 0 0 -0.099498 -0.187614 0.963722 0.161680
1653513877.965994 0 0 0 -0.102177 -0.188007 0.964690 0.153576
1653513878.039754 0 0 0 -0.105442 -0.188688 0.965480 0.145352
1653513878.096757 0 0 0 -0.107245 -0.189023 0.966287 0.138053
1653513878.165966 0 0 0 -0.109042 -0.189348 0.967038 0.130746
1653513878.232930 0 0 0 -0.111080 -0.188332 0.967914 0.123832
1653513878.298282 0 0 0 -0.112890 -0.187311 0.968779 0.116778
1653513878.367886 0 0 0 -0.114553 -0.187844 0.969304 0.109734
1653513878.431064 0 0 0 -0.116701 -0.188112 0.969738 0.102976
1653513878.500417 0 0 0 -0.118676 -0.187767 0.970270 0.096099
1653513878.566923 0 0 0 -0.121655 -0.188610 0.970320 0.090025
1653513878.642068 0 0 0 -0.122744 -0.188953 0.970692 0.083587
1653513878.705272 0 0 0 -0.124572 -0.188361 0.971066 0.077670
1653513878.780272 0 0 0 -0.126395 -0.187762 0.971402 0.071749
1653513878.831492 0 0 0 -0.128202 -0.188203 0.971482 0.066081
1653513878.902559 0 0 0 -0.130182 -0.188546 0.971524 0.060365
1653513878.971527 0 0 0 -0.130927 -0.187908 0.971884 0.054679
1653513879.050267 0 0 0 -0.131992 -0.187279 0.972159 0.049102
1653513879.098614 0 0 0 -0.132855 -0.187070 0.972324 0.044051
1653513879.163282 0 0 0 -0.133790 -0.186702 0.972485 0.038939
1653513879.230593 0 0 0 -0.134250 -0.186523 0.972642 0.033974
1653513879.302191 0 0 0 -0.135768 -0.186509 0.972576 0.029631
1653513879.369355 0 0 0 -0.137053 -0.187329 0.972367 0.025038
1653513879.433436 0 0 0 -0.137347 -0.187454 0.972393 0.021155
1653513879.497450 0 0 0 -0.138552 -0.187465 0.972295 0.017411
1653513879.569110 0 0 0 -0.139717 -0.188217 0.972040 0.013855
1653513879.629093 0 0 0 -0.140309 -0.187881 0.972058 0.010856
1653513879.704885 0 0 0 -0.140353 -0.188185 0.972025 0.007430
1653513879.762330 0 0 0 -0.141843 -0.188696 0.971724 0.005222
1653513879.838869 0 0 0 -0.142452 -0.188095 0.971762 0.002633
1653513879.903188 0 0 0 -0.143072 -0.187529 0.971783 0.000714
1653513879.965229 0 0 0 0.144405 0.186591 -0.971767 0.000475
1653513880.034158 0 0 0 0.144054 0.187951 -0.971551 0.003256
1653513880.098266 0 0 0 0.145408 0.187113 -0.971507 0.004299
1653513880.164961 0 0 0 0.146761 0.186274 -0.971460 0.005341
1653513880.235608 0 0 0 0.148286 0.185996 -0.971277 0.006238
1653513880.300675 0 0 0 0.148873 0.186536 -0.971077 0.007070
1653513880.365583 0 0 0 0.149460 0.187077 -0.970877 0.007902
1653513880.441569 0 0 0 0.148488 0.185432 -0.971336 0.008527
1653513880.501678 0 0 0 0.149216 0.185954 -0.971117 0.009400
1653513880.563903 0 0 0 0.150542 0.186567 -0.970795 0.009316
1653513880.644649 0 0 0 0.151516 0.187699 -0.970422 0.009679
1653513880.697919 0 0 0 0.152214 0.187940 -0.970268 0.009486
1653513880.763214 0 0 0 0.153136 0.188764 -0.969967 0.009039
1653513880.831865 0 0 0 0.152481 0.187849 -0.970249 0.008879
1653513880.906491 0 0 0 0.152036 0.188139 -0.970266 0.008501
1653513880.965524 0 0 0 0.152362 0.188302 -0.970188 0.007934
1653513881.034364 0 0 0 0.152055 0.188066 -0.970287 0.007305
1653513881.104473 0 0 0 0.151706 0.188175 -0.970327 0.006471
1653513881.163906 0 0 0 0.150983 0.188307 -0.970418 0.005720
1653513881.232719 0 0 0 0.149901 0.188521 -0.970548 0.005087
1653513881.303974 0 0 0 0.150698 0.189029 -0.970330 0.004163
1653513881.368954 0 0 0 0.150541 0.188790 -0.970405 0.003091
1653513881.434210 0 0 0 0.150960 0.189102 -0.970282 0.002219
1653513881.505788 0 0 0 0.151053 0.189338 -0.970223 0.001001
1653513881.562463 0 0 0 -0.150941 -0.189355 0.970238 0.000073
1653513881.636174 0 0 0 -0.150923 -0.189236 0.970263 0.001344
1653513881.699890 0 0 0 -0.150509 -0.189512 0.970271 0.002436
1653513881.768569 0 0 0 -0.150025 -0.189653 0.970314 0.003964
1653513881.845833 0 0 0 -0.149787 -0.189867 0.970306 0.004602
1653513881.901380 0 0 0 -0.149266 -0.190457 0.970265 0.005683
1653513881.968319 0 0 0 -0.148370 -0.190334 0.970421 0.006480
1653513882.036327 0 0 0 -0.148328 -0.190592 0.970374 0.006837
1653513882.104571 0 0 0 -0.147408 -0.190302 0.970570 0.007014
1653513882.164808 0 0 0 -0.145992 -0.190983 0.970651 0.006941
1653513882.230412 0 0 0 -0.145569 -0.190180 0.970870 0.007203
1653513882.307901 0 0 0 -0.147315 -0.189878 0.970663 0.007634
1653513882.364848 0 0 0 -0.149070 -0.189812 0.970406 0.007917
1653513882.431113 0 0 0 -0.147783 -0.188737 0.970811 0.008038
1653513882.502773 0 0 0 -0.150133 -0.188657 0.970466 0.008039
1653513882.569248 0 0 0 -0.151519 -0.187536 0.970471 0.007656
1653513882.631713 0 0 0 -0.152540 -0.187204 0.970378 0.007226
1653513882.702275 0 0 0 -0.153675 -0.185652 0.970496 0.007401
1653513882.764513 0 0 0 -0.154640 -0.184219 0.970615 0.007557
1653513882.829706 0 0 0 -0.155938 -0.182893 0.970662 0.007050
1653513882.899830 0 0 0 -0.155959 -0.180974 0.971016 0.007326
1653513882.973447 0 0 0 -0.155538 -0.182149 0.970867 0.006779
1653513883.030289 0 0 0 -0.155486 -0.182691 0.970771 0.007271
1653513883.096058 0 0 0 -0.154646 -0.182637 0.970913 0.007527
1653513883.167203 0 0 0 -0.153723 -0.182204 0.971137 0.008036
1653513883.235148 0 0 0 -0.151811 -0.183790 0.971140 0.007792
1653513883.297592 0 0 0 -0.151404 -0.182807 0.971386 0.008187
1653513883.364056 0 0 0 -0.150996 -0.181824 0.971631 0.008582
1653513883.433190 0 0 0 -0.149831 -0.180791 0.972002 0.008832
1653513883.496324 0 0 0 -0.148579 -0.180055 0.972328 0.009101
1653513883.568921 0 0 0 -0.149153 -0.182079 0.971858 0.009583
1653513883.645552 0 0 0 -0.150103 -0.182618 0.971603 0.010352
1653513883.701469 0 0 0 -0.150714 -0.182743 0.971476 0.011203
1653513883.765610 0 0 0 -0.149155 -0.182809 0.971697 0.011758
1653513883.843505 0 0 0 -0.150534 -0.181562 0.971706 0.012708
1653513883.899619 0 0 0 -0.151512 -0.182372 0.971381 0.014261
1653513883.969086 0 0 0 -0.152585 -0.182280 0.971201 0.016144
1653513884.030322 0 0 0 -0.152697 -0.182019 0.971211 0.017351
1653513884.099236 0 0 0 -0.153002 -0.181822 0.971171 0.018934
1653513884.165057 0 0 0 -0.153621 -0.183070 0.970808 0.020451
1653513884.236354 0 0 0 -0.154446 -0.183769 0.970506 0.022228
1653513884.301935 0 0 0 -0.154952 -0.184593 0.970225 0.024056
1653513884.373883 0 0 0 -0.155454 -0.183958 0.970216 0.025980
1653513884.431374 0 0 0 -0.155955 -0.183322 0.970202 0.027904
1653513884.503129 0 0 0 -0.156099 -0.183277 0.970122 0.030098
1653513884.566022 0 0 0 -0.155768 -0.183252 0.970107 0.032373
1653513884.632078 0 0 0 -0.156148 -0.182817 0.970050 0.034615
1653513884.708760 0 0 0 -0.156528 -0.182380 0.969989 0.036857
1653513884.765216 0 0 0 -0.156667 -0.183137 0.969746 0.038845
1653513884.834713 0 0 0 -0.156805 -0.183893 0.969499 0.040833
1653513884.905765 0 0 0 -0.156504 -0.183905 0.969437 0.043326
1653513884.969766 0 0 0 -0.155629 -0.183183 0.969618 0.045443
