1653513829.032534 0 0 0 0.000000 0.000000 0.000000 1.000000
1653513829.101308 0 0 0 0.001744 0.001843 0.000123 0.999997
1653513829.170557 0 0 0 0.003970 0.003776 0.000958 0.999985
1653513829.231742 0 0 0 0.006150 0.005183 0.000988 0.999967
1653513829.311643 0 0 0 0.007736 0.006725 -0.000116 0.999947
1653513829.365866 0 0 0 0.007467 0.007074 -0.000609 0.999947
1653513829.433656 0 0 0 0.008640 0.005915 -0.001884 0.999943
1653513829.496817 0 0 0 0.008090 0.003740 -0.002171 0.999958
1653513829.575411 0 0 0 0.007625 0.000627 -0.005062 0.999958
1653513829.635458 0 0 0 0.006103 -0.001622 -0.004969 0.999968
1653513829.707422 0 0 0 0.006087 -0.003309 -0.006960 0.999952
1653513829.764410 0 0 0 0.004556 -0.005304 -0.008232 0.999942
1653513829.833605 0 0 0 0.005249 -0.006062 -0.007995 0.999936
1653513829.900824 0 0 0 0.004197 -0.007106 -0.008174 0.999933
1653513829.969423 0 0 0 0.003853 -0.007957 -0.008196 0.999927
1653513830.035274 0 0 0 0.004015 -0.010450 -0.006565 0.999916
1653513830.103144 0 0 0 0.003698 -0.011452 -0.006846 0.999904
1653513830.168641 0 0 0 0.003266 -0.012711 -0.004821 0.999902
1653513830.230166 0 0 0 0.002610 -0.014199 -0.003252 0.999890
1653513830.298075 0 0 0 0.003062 -0.015212 -0.001815 0.999878
1653513830.363789 0 0 0 0.003081 -0.015801 0.000019 0.999870
1653513830.430130 0 0 0 -0.000431 -0.016249 0.001759 0.999866
1653513830.496448 0 0 0 0.001019 -0.016355 0.002258 0.999863
1653513830.566746 0 0 0 0.003844 -0.016458 0.003042 0.999853
1653513830.632485 0 0 0 0.004910 -0.016894 0.003973 0.999837
1653513830.710686 0 0 0 0.004926 -0.015108 0.003477 0.999868
1653513830.769107 0 0 0 0.008378 -0.015663 0.003870 0.999835
1653513830.829845 0 0 0 0.011117 -0.012792 0.003094 0.999852
1653513830.913098 0 0 0 0.011536 -0.010189 0.002103 0.999879
1653513830.965222 0 0 0 0.012258 -0.008283 0.002722 0.999887
1653513831.032223 0 0 0 0.010792 -0.006652 0.002382 0.999917
1653513831.098328 0 0 0 0.009678 -0.005384 0.002887 0.999935
1653513831.163989 0 0 0 0.009262 -0.005006 0.002808 0.999941
1653513831.232199 0 0 0 0.009279 -0.005628 0.004025 0.999933
1653513831.308155 0 0 0 0.009423 -0.006537 0.005037 0.999922
1653513831.364445 0 0 0 0.011433 -0.007951 0.006218 0.999884
1653513831.436378 0 0 0 0.011322 -0.008426 0.008713 0.999862
1653513831.503266 0 0 0 0.011118 -0.009351 0.010275 0.999842
1653513831.566794 0 0 0 0.011607 -0.010590 0.011409 0.999811
1653513831.635275 0 0 0 0.012211 -0.011717 0.013082 0.999771
1653513831.706723 0 0 0 0.013389 -0.012643 0.013454 0.999740
1653513831.773754 0 0 0 0.013051 -0.012595 0.015113 0.999721
1653513831.836011 0 0 0 0.014206 -0.012813 0.014570 0.999711
1653513831.911267 0 0 0 0.014318 -0.012460 0.014708 0.999712
1653513831.975178 0 0 0 0.014564 -0.011406 0.014242 0.999727
1653513832.034308 0 0 0 0.014120 -0.010666 0.013412 0.999753
1653513832.102275 0 0 0 0.013072 -0.008971 0.012108 0.999801
1653513832.173687 0 0 0 0.012787 -0.007929 0.010311 0.999834
1653513832.233236 0 0 0 0.012282 -0.007877 0.007875 0.999863
1653513832.319272 0 0 0 0.011608 -0.008347 0.006125 0.999879
1653513832.366594 0 0 0 0.011236 -0.008854 0.003579 0.999891
1653513832.430943 0 0 0 0.011183 -0.010794 0.001835 0.999878
1653513832.500079 0 0 0 0.010772 -0.012555 -0.000227 0.999863
1653513832.565658 0 0 0 0.010679 -0.014222 -0.001417 0.999841
1653513832.636465 0 0 0 0.010004 -0.017456 -0.002288 0.999795
1653513832.703716 0 0 0 0.010646 -0.019609 -0.002294 0.999748
1653513832.770637 0 0 0 0.010744 -0.021819 -0.002250 0.999702
1653513832.830285 0 0 0 0.010367 -0.023222 -0.001704 0.999675
1653513832.902418 0 0 0 0.010987 -0.024501 -0.000987 0.999639
1653513832.966781 0 0 0 0.010120 -0.025179 0.000180 0.999632
1653513833.038522 0 0 0 0.010646 -0.025555 0.001371 0.999616
1653513833.102893 0 0 0 0.010576 -0.024834 0.002297 0.999633
1653513833.168470 0 0 0 0.010344 -0.023394 0.003292 0.999667
1653513833.233854 0 0 0 0.006434 -0.021278 0.004320 0.999744
1653513833.305335 0 0 0 0.007633 -0.019252 0.004268 0.999776
1653513833.363940 0 0 0 0.011372 -0.016739 0.003795 0.999788
1653513833.436484 0 0 0 0.016466 -0.016751 0.004001 0.999716
1653513833.498759 0 0 0 0.022560 -0.016975 0.003267 0.999596
1653513833.568035 0 0 0 0.028383 -0.017330 0.001772 0.999445
1653513833.629814 0 0 0 0.029108 -0.015870 0.000840 0.999450
1653513833.718030 0 0 0 0.030944 -0.014900 0.000105 0.999410
1653513833.764204 0 0 0 0.034307 -0.013709 -0.000316 0.999317
1653513833.836380 0 0 0 0.034883 -0.012376 0.000160 0.999315
1653513833.901889 0 0 0 0.035919 -0.011334 0.000395 0.999290
1653513833.976604 0 0 0 0.036035 -0.010467 0.000881 0.999295
1653513834.037928 0 0 0 0.037612 -0.011011 0.002666 0.999228
1653513834.098461 0 0 0 0.036866 -0.010127 0.003698 0.999262
1653513834.168372 0 0 0 0.036214 -0.009583 0.005337 0.999284
1653513834.243259 0 0 0 0.038285 -0.010745 0.006476 0.999188
1653513834.298502 0 0 0 0.038975 -0.010259 0.008075 0.999155
1653513834.378568 0 0 0 0.043531 -0.007187 0.008570 0.998989
1653513834.433192 0 0 0 0.043843 -0.006468 0.009227 0.998975
1653513834.505419 0 0 0 0.044708 -0.005172 0.009448 0.998942
1653513834.564015 0 0 0 0.045637 -0.003823 0.009607 0.998905
1653513834.643610 0 0 0 0.045977 -0.002641 0.009700 0.998892
1653513834.709613 0 0 0 0.047642 -0.001625 0.009377 0.998819
1653513834.765086 0 0 0 0.047202 -0.002887 0.008139 0.998848
1653513834.837074 0 0 0 0.047144 -0.004545 0.007934 0.998846
1653513834.900920 0 0 0 0.046973 -0.005491 0.006286 0.998861
1653513834.969564 0 0 0 0.050298 -0.005794 0.004487 0.998707
1653513835.031148 0 0 0 0.047485 -0.007515 0.003441 0.998838
1653513835.097204 0 0 0 0.047251 -0.011910 0.001195 0.998811
1653513835.165106 0 0 0 0.044661 -0.014630 -0.000400 0.998895
1653513835.236770 0 0 0 0.041962 -0.016818 -0.001428 0.998977
1653513835.303029 0 0 0 0.040784 -0.016248 -0.002525 0.999033
1653513835.365811 0 0 0 0.038564 -0.015743 -0.002544 0.999129
1653513835.433269 0 0 0 0.038139 -0.013459 -0.002392 0.999179
1653513835.497306 0 0 0 0.037044 -0.012120 -0.002781 0.999236
1653513835.566037 0 0 0 0.034621 -0.011357 -0.002843 0.999332
1653513835.633371 0 0 0 0.037408 -0.011199 -0.001960 0.999235
1653513835.703705 0 0 0 0.035687 -0.012364 -0.002381 0.999284
1653513835.767666 0 0 0 0.036853 -0.014556 -0.001963 0.999213
1653513835.831954 0 0 0 0.032636 -0.017882 -0.001630 0.999306
1653513835.900826 0 0 0 0.029202 -0.020859 -0.001960 0.999354
1653513835.964684 0 0 0 0.026949 -0.023579 -0.001365 0.999358
1653513836.044750 0 0 0 0.029610 -0.023335 0.000324 0.999289
1653513836.102331 0 0 0 0.027752 -0.023859 0.001328 0.999329
1653513836.173012 0 0 0 0.030351 -0.023391 0.002549 0.999262
1653513836.233026 0 0 0 0.030862 -0.025079 0.003096 0.999204
1653513836.298235 0 0 0 0.030149 -0.026521 0.002749 0.999190
1653513836.373313 0 0 0 0.031552 -0.024849 0.002462 0.999190
1653513836.433332 0 0 0 0.031369 -0.022657 0.002603 0.999248
1653513836.508134 0 0 0 0.031402 -0.021356 0.001784 0.999277
1653513836.569276 0 0 0 0.031008 -0.020977 0.001203 0.999298
1653513836.631714 0 0 0 0.030561 -0.021115 0.001527 0.999309
1653513836.702716 0 0 0 0.031549 -0.021151 0.001561 0.999277
1653513836.764745 0 0 0 0.031517 -0.021098 0.001618 0.999279
1653513836.831462 0 0 0 0.030971 -0.022654 0.002095 0.999261
1653513836.903404 0 0 0 0.030987 -0.022927 0.003152 0.999252
1653513836.965066 0 0 0 0.032766 -0.022767 0.002434 0.999201
1653513837.033546 0 0 0 0.033289 -0.023477 0.004025 0.999162
1653513837.097902 0 0 0 0.033227 -0.023385 0.004279 0.999165
1653513837.172498 0 0 0 0.032647 -0.022856 0.003930 0.999198
1653513837.232192 0 0 0 0.031274 -0.021398 0.004539 0.999271
1653513837.301511 0 0 0 0.032953 -0.021130 0.004462 0.999224
1653513837.365391 0 0 0 0.033321 -0.020969 0.004111 0.999216
1653513837.431773 0 0 0 0.033141 -0.020194 0.004061 0.999238
1653513837.501266 0 0 0 0.033337 -0.020537 0.003959 0.999225
1653513837.564403 0 0 0 0.034116 -0.020522 0.003746 0.999200
1653513837.642265 0 0 0 0.034169 -0.021160 0.003674 0.999185
1653513837.700582 0 0 0 0.033791 -0.021996 0.003698 0.999180
1653513837.772553 0 0 0 0.033171 -0.021550 0.004013 0.999209
1653513837.832972 0 0 0 0.033270 -0.020971 0.003938 0.999219
1653513837.901006 0 0 0 0.034553 -0.021010 0.004198 0.999173
1653513837.969465 0 0 0 0.034841 -0.020045 0.004483 0.999182
1653513838.040288 0 0 0 0.035170 -0.020348 0.004384 0.999165
1653513838.096852 0 0 0 0.035369 -0.020380 0.003930 0.999159
1653513838.171614 0 0 0 0.035291 -0.019918 0.004083 0.999170
1653513838.244451 0 0 0 0.035393 -0.019175 0.004040 0.999181
1653513838.297468 0 0 0 0.035483 -0.019185 0.004068 0.999178
1653513838.368447 0 0 0 0.035118 -0.019408 0.003931 0.999187
1653513838.431654 0 0 0 0.035382 -0.019009 0.004372 0.999183
1653513838.500531 0 0 0 0.035517 -0.019423 0.004334 0.999171
1653513838.577030 0 0 0 0.035615 -0.020067 0.004307 0.999155
1653513838.632628 0 0 0 0.035368 -0.020654 0.004386 0.999151
1653513838.697614 0 0 0 0.035357 -0.020970 0.004098 0.999146
1653513838.771541 0 0 0 0.035978 -0.020765 0.004806 0.999125
1653513838.833353 0 0 0 0.035626 -0.020780 0.003957 0.999141
1653513838.903143 0 0 0 0.035569 -0.020757 0.004327 0.999142
1653513838.973727 0 0 0 0.035763 -0.020706 0.004223 0.999137
1653513839.036192 0 0 0 0.035568 -0.020185 0.004251 0.999154
1653513839.099604 0 0 0 0.035814 -0.020399 0.004342 0.999141
1653513839.164583 0 0 0 0.035675 -0.020202 0.004389 0.999150
1653513839.234289 0 0 0 0.035614 -0.020315 0.004365 0.999150
1653513839.309151 0 0 0 0.035362 -0.020461 0.004201 0.999156
1653513839.374761 0 0 0 0.035420 -0.020235 0.004422 0.999158
1653513839.430010 0 0 0 0.035236 -0.020714 0.004630 0.999154
1653513839.504583 0 0 0 0.035872 -0.020947 0.004533 0.999127
1653513839.569273 0 0 0 0.035613 -0.021165 0.004290 0.999132
1653513839.631511 0 0 0 0.035770 -0.021701 0.004658 0.999114
1653513839.705541 0 0 0 0.036229 -0.021670 0.004798 0.999097
1653513839.763882 0 0 0 0.036373 -0.021582 0.004141 0.999097
1653513839.831872 0 0 0 0.035911 -0.021806 0.004571 0.999107
1653513839.899474 0 0 0 0.036041 -0.021607 0.004765 0.999105
1653513839.966759 0 0 0 0.036213 -0.021234 0.004405 0.999109
1653513840.030912 0 0 0 0.036043 -0.021130 0.004505 0.999117
1653513840.102614 0 0 0 0.036014 -0.020866 0.004702 0.999122
1653513840.164702 0 0 0 0.036421 -0.020359 0.004555 0.999119
1653513840.234148 0 0 0 0.035781 -0.020307 0.004497 0.999143
1653513840.299115 0 0 0 0.035712 -0.020026 0.004233 0.999152
1653513840.364120 0 0 0 0.035980 -0.020326 0.004301 0.999137
1653513840.434128 0 0 0 0.036017 -0.020512 0.004726 0.999129
1653513840.498069 0 0 0 0.036198 -0.020464 0.004452 0.999125
1653513840.568640 0 0 0 0.035562 -0.020377 0.004208 0.999151
1653513840.633072 0 0 0 0.035197 -0.020877 0.004589 0.999152
1653513840.709339 0 0 0 0.035494 -0.021330 0.004726 0.999131
1653513840.768834 0 0 0 0.035606 -0.021953 0.004549 0.999114
1653513840.832950 0 0 0 0.036049 -0.021763 0.004602 0.999102
1653513840.914494 0 0 0 0.036318 -0.021766 0.004699 0.999092
1653513840.964282 0 0 0 0.035536 -0.022767 0.004463 0.999099
1653513841.031672 0 0 0 0.035179 -0.022243 0.004616 0.999123
1653513841.117068 0 0 0 0.035208 -0.022360 0.004887 0.999118
1653513841.173951 0 0 0 0.035223 -0.021689 0.004572 0.999134
1653513841.236131 0 0 0 0.035668 -0.021131 0.004629 0.999130
1653513841.304484 0 0 0 0.036188 -0.021479 0.004761 0.999103
1653513841.364639 0 0 0 0.035786 -0.020679 0.004646 0.999135
1653513841.429729 0 0 0 0.035976 -0.020974 0.004517 0.999122
1653513841.512667 0 0 0 0.035836 -0.020968 0.004302 0.999128
1653513841.563756 0 0 0 0.035923 -0.021141 0.004374 0.999121
1653513841.633388 0 0 0 0.036154 -0.021570 0.004359 0.999104
1653513841.701065 0 0 0 0.036167 -0.021293 0.004186 0.999110
1653513841.767076 0 0 0 0.036088 -0.021693 0.004112 0.999105
1653513841.835418 0 0 0 0.035901 -0.021832 0.004192 0.999108
1653513841.901677 0 0 0 0.035621 -0.021969 0.003946 0.999116
1653513841.965004 0 0 0 0.035791 -0.021744 0.003983 0.999115
1653513842.031561 0 0 0 0.035933 -0.021605 0.004118 0.999112
1653513842.105104 0 0 0 0.035975 -0.021558 0.004067 0.999112
1653513842.166138 0 0 0 0.035996 -0.021594 0.003562 0.999112
1653513842.231877 0 0 0 0.035893 -0.021581 0.004104 0.999114
1653513842.307398 0 0 0 0.036287 -0.021216 0.004146 0.999108
1653513842.377367 0 0 0 0.036105 -0.021161 0.003558 0.999118
1653513842.433627 0 0 0 0.036083 -0.021731 0.003925 0.999105
1653513842.498944 0 0 0 0.036060 -0.021647 0.004196 0.999106
1653513842.564809 0 0 0 0.035926 -0.021664 0.003796 0.999112
1653513842.631387 0 0 0 0.036025 -0.022301 0.003941 0.999094
1653513842.698495 0 0 0 0.035801 -0.022303 0.004171 0.999101
1653513842.767940 0 0 0 0.035996 -0.022725 0.003953 0.999086
1653513842.835519 0 0 0 0.035851 -0.022600 0.003949 0.999094
1653513842.896689 0 0 0 0.036354 -0.022195 0.004181 0.999084
1653513842.977485 0 0 0 0.035896 -0.022065 0.003950 0.999104
1653513843.030745 0 0 0 0.035494 -0.022273 0.004005 0.999114
1653513843.103204 0 0 0 0.035659 -0.022143 0.003922 0.999111
1653513843.170680 0 0 0 0.035855 -0.021585 0.003835 0.999116
1653513843.232808 0 0 0 0.035845 -0.021613 0.003970 0.999116
1653513843.297108 0 0 0 0.036152 -0.021643 0.004010 0.999104
1653513843.365473 0 0 0 0.036106 -0.021707 0.003617 0.999106
1653513843.433163 0 0 0 0.035952 -0.021874 0.003941 0.999106
1653513843.513608 0 0 0 0.036071 -0.021883 0.004131 0.999101
1653513843.568678 0 0 0 0.035514 -0.022194 0.003788 0.999116
1653513843.633649 0 0 0 0.035704 -0.022271 0.003978 0.999106
1653513843.701481 0 0 0 0.035861 -0.022899 0.004205 0.999086
1653513843.767041 0 0 0 0.035720 -0.022531 0.003947 0.999100
1653513843.831290 0 0 0 0.035890 -0.022860 0.004023 0.999086
1653513843.900157 0 0 0 0.035847 -0.022897 0.004111 0.999087
1653513843.963425 0 0 0 0.035831 -0.022900 0.004017 0.999087
1653513844.032287 0 0 0 0.035863 -0.022469 0.003899 0.999096
1653513844.097302 0 0 0 0.035901 -0.022706 0.004151 0.999089
1653513844.168321 0 0 0 0.036053 -0.022310 0.003928 0.999093
1653513844.241447 0 0 0 0.035793 -0.022320 0.003842 0.999103
1653513844.302845 0 0 0 0.035682 -0.022203 0.004115 0.999108
1653513844.363250 0 0 0 0.035969 -0.022292 0.003931 0.999097
1653513844.441097 0 0 0 0.035368 -0.022083 0.004104 0.999122
1653513844.505020 0 0 0 0.035674 -0.022188 0.003974 0.999109
1653513844.566563 0 0 0 0.035858 -0.022644 0.003807 0.999093
1653513844.631093 0 0 0 0.035772 -0.022879 0.004190 0.999089
1653513844.700916 0 0 0 0.036088 -0.022511 0.004214 0.999086
1653513844.769291 0 0 0 0.035912 -0.022885 0.003933 0.999085
1653513844.830155 0 0 0 0.035215 -0.023244 0.004151 0.999101
1653513844.902007 0 0 0 0.035793 -0.023241 0.004171 0.999080
1653513844.964675 0 0 0 0.035719 -0.023059 0.003831 0.999088
1653513845.031098 0 0 0 0.035780 -0.022927 0.004231 0.999088
1653513845.101169 0 0 0 0.035955 -0.022321 0.004241 0.999095
1653513845.165321 0 0 0 0.035769 -0.022475 0.003865 0.999100
1653513845.233236 0 0 0 0.035802 -0.022562 0.004046 0.999096
1653513845.305046 0 0 0 0.035855 -0.022157 0.004142 0.999103
1653513845.365170 0 0 0 0.035875 -0.021831 0.003882 0.999110
1653513845.433233 0 0 0 0.036195 -0.022026 0.004019 0.999094
1653513845.500018 0 0 0 0.035847 -0.021926 0.004112 0.999108
1653513845.562728 0 0 0 0.035291 -0.022027 0.003877 0.999127
1653513845.632332 0 0 0 0.035538 -0.021906 0.003949 0.999120
1653513845.705470 0 0 0 0.035932 -0.022406 0.004183 0.999094
1653513845.770018 0 0 0 0.036031 -0.022797 0.004124 0.999082
1653513845.829740 0 0 0 0.035938 -0.023255 0.004375 0.999074
1653513845.899848 0 0 0 0.036235 -0.023386 0.004188 0.999061
1653513845.967455 0 0 0 0.036208 -0.023105 0.004112 0.999069
1653513846.032249 0 0 0 0.036300 -0.023578 0.004393 0.999053
1653513846.099506 0 0 0 0.036305 -0.023391 0.004512 0.999057
1653513846.166618 0 0 0 0.036269 -0.023128 0.003937 0.999067
1653513846.240091 0 0 0 0.036556 -0.022689 0.003966 0.999066
1653513846.302061 0 0 0 0.035802 -0.022469 0.004317 0.999097
1653513846.364835 0 0 0 0.036290 -0.022010 0.003799 0.999092
1653513846.433129 0 0 0 0.036412 -0.021838 0.003916 0.999091
1653513846.504745 0 0 0 0.035615 -0.022065 0.004125 0.999113
1653513846.566709 0 0 0 0.035964 -0.021846 0.003913 0.999107
1653513846.641937 0 0 0 0.036248 -0.021892 0.003882 0.999095
1653513846.698780 0 0 0 0.036150 -0.022041 0.004075 0.999095
1653513846.767048 0 0 0 0.036304 -0.022231 0.003953 0.999086
1653513846.832144 0 0 0 0.036616 -0.022636 0.004115 0.999065
1653513846.900844 0 0 0 0.036277 -0.022835 0.004244 0.999072
1653513846.965961 0 0 0 0.036117 -0.023111 0.004013 0.999072
1653513847.036101 0 0 0 0.035908 -0.023356 0.004095 0.999074
1653513847.096783 0 0 0 0.036393 -0.023203 0.004312 0.999059
1653513847.166607 0 0 0 0.036340 -0.023439 0.004081 0.999056
1653513847.234280 0 0 0 0.035718 -0.023003 0.004119 0.999089
1653513847.299216 0 0 0 0.035969 -0.022584 0.004210 0.999089
1653513847.362150 0 0 0 0.035940 -0.022692 0.003948 0.999088
1653513847.436652 0 0 0 0.036030 -0.022252 0.004022 0.999095
1653513847.498972 0 0 0 0.035913 -0.022010 0.004184 0.999104
1653513847.571643 0 0 0 0.036036 -0.022090 0.003884 0.999099
1653513847.630502 0 0 0 0.035694 -0.022006 0.003933 0.999113
1653513847.700209 0 0 0 0.035745 -0.021964 0.004264 0.999110
1653513847.765154 0 0 0 0.036188 -0.022118 0.004092 0.999092
1653513847.831157 0 0 0 0.036233 -0.022306 0.004130 0.999086
1653513847.899703 0 0 0 0.036490 -0.022753 0.004305 0.999066
1653513847.969554 0 0 0 0.036078 -0.023095 0.004157 0.999073
1653513848.031203 0 0 0 0.035516 -0.023334 0.004172 0.999088
1653513848.097599 0 0 0 0.035867 -0.023245 0.004322 0.999077
1653513848.167031 0 0 0 0.035305 -0.023326 0.004223 0.999095
1653513848.232191 0 0 0 0.035849 -0.023547 0.004258 0.999071
1653513848.299819 0 0 0 0.036210 -0.023423 0.004424 0.999060
1653513848.366258 0 0 0 0.036284 -0.022959 0.004087 0.999069
1653513848.443712 0 0 0 0.035570 -0.022806 0.004305 0.999098
1653513848.504505 0 0 0 0.035135 -0.022501 0.004187 0.999120
1653513848.564606 0 0 0 0.034962 -0.022260 0.003832 0.999133
1653513848.636598 0 0 0 0.035288 -0.021788 0.004106 0.999131
1653513848.700720 0 0 0 0.035545 -0.021641 0.004425 0.999124
1653513848.771400 0 0 0 0.035893 -0.021658 0.004063 0.999113
1653513848.835704 0 0 0 0.035638 -0.022282 0.004063 0.999108
1653513848.898276 0 0 0 0.034977 -0.022948 0.004323 0.999115
1653513848.964842 0 0 0 0.034429 -0.023192 0.004093 0.999130
1653513849.032893 0 0 0 0.035137 -0.023284 0.004212 0.999102
1653513849.101841 0 0 0 0.034883 -0.023743 0.004287 0.999100
1653513849.166102 0 0 0 0.035315 -0.023962 0.004216 0.999080
1653513849.232565 0 0 0 0.035520 -0.023645 0.004312 0.999080
1653513849.305375 0 0 0 0.035617 -0.023302 0.004289 0.999085
1653513849.369852 0 0 0 0.035125 -0.023203 0.004135 0.999105
1653513849.432600 0 0 0 0.034280 -0.022943 0.004201 0.999140
1653513849.504564 0 0 0 0.034414 -0.022908 0.004219 0.999136
1653513849.570610 0 0 0 0.034860 -0.022486 0.003861 0.999132
1653513849.632104 0 0 0 0.035068 -0.022389 0.004175 0.999125
1653513849.704504 0 0 0 0.035170 -0.022295 0.004263 0.999124
1653513849.762983 0 0 0 0.035208 -0.022509 0.004036 0.999118
1653513849.831302 0 0 0 0.035046 -0.022572 0.004249 0.999122
1653513849.900019 0 0 0 0.034767 -0.022723 0.004428 0.999127
1653513849.973487 0 0 0 0.034899 -0.022809 0.004001 0.999123
1653513850.037429 0 0 0 0.034508 -0.022772 0.004073 0.999137
1653513850.099653 0 0 0 0.034943 -0.023016 0.004368 0.999115
1653513850.164377 0 0 0 0.035041 -0.023246 0.004178 0.999107
1653513850.235732 0 0 0 0.035035 -0.023109 0.004203 0.999110
1653513850.307545 0 0 0 0.034779 -0.023047 0.004269 0.999120
1653513850.369239 0 0 0 0.034594 -0.023038 0.004270 0.999127
1653513850.434320 0 0 0 0.034655 -0.023080 0.004175 0.999124
1653513850.501900 0 0 0 0.034497 -0.022598 0.004139 0.999141
1653513850.565555 0 0 0 0.034814 -0.022747 0.003947 0.999127
1653513850.633853 0 0 0 0.034990 -0.022352 0.003936 0.999130
1653513850.700439 0 0 0 0.034777 -0.022041 0.004141 0.999143
1653513850.768076 0 0 0 0.034841 -0.022014 0.003950 0.999143
1653513850.830756 0 0 0 0.035189 -0.022186 0.004126 0.999126
1653513850.901611 0 0 0 0.034980 -0.022399 0.004303 0.999128
1653513850.971556 0 0 0 0.034626 -0.022417 0.003863 0.999141
1653513851.034352 0 0 0 0.034452 -0.022761 0.004072 0.999139
1653513851.099643 0 0 0 0.034690 -0.022857 0.004263 0.999128
1653513851.168157 0 0 0 0.034869 -0.022692 0.004000 0.999126
1653513851.236487 0 0 0 0.034920 -0.022934 0.004248 0.999118
1653513851.299374 0 0 0 0.034460 -0.023535 0.004414 0.999119
1653513851.364088 0 0 0 0.034245 -0.023186 0.004104 0.999136
1653513851.439224 0 0 0 0.035087 -0.023168 0.004162 0.999107
1653513851.505213 0 0 0 0.034384 -0.023074 0.004251 0.999133
1653513851.565702 0 0 0 0.035337 -0.022771 0.004082 0.999108
1653513851.634316 0 0 0 0.034793 -0.022774 0.004049 0.999127
1653513851.703592 0 0 0 0.034420 -0.022510 0.004111 0.999145
1653513851.766462 0 0 0 0.034892 -0.021790 0.004015 0.999145
1653513851.830232 0 0 0 0.034882 -0.021793 0.004027 0.999146
1653513851.900719 0 0 0 0.035154 -0.021831 0.004201 0.999135
1653513851.982118 0 0 0 0.034896 -0.021640 0.003963 0.999149
1653513852.032746 0 0 0 0.034471 -0.021701 0.003974 0.999162
1653513852.100337 0 0 0 0.034634 -0.021960 0.004102 0.999150
1653513852.166133 0 0 0 0.034431 -0.022256 0.004110 0.999151
1653513852.238348 0 0 0 0.034924 -0.022564 0.004227 0.999126
1653513852.310439 0 0 0 0.034774 -0.022611 0.004096 0.999131
1653513852.382614 0 0 0 0.035038 -0.022750 0.004135 0.999118
1653513852.431071 0 0 0 0.034826 -0.022910 0.004425 0.999121
1653513852.512760 0 0 0 0.034896 -0.023048 0.004193 0.999116
1653513852.567117 0 0 0 0.034747 -0.023238 0.003849 0.999119
1653513852.641911 0 0 0 0.034914 -0.022908 0.004123 0.999119
1653513852.699578 0 0 0 0.034987 -0.022808 0.004198 0.999119
1653513852.771980 0 0 0 0.035657 -0.022573 0.003881 0.999102
1653513852.845867 0 0 0 0.034781 -0.022458 0.004101 0.999134
1653513852.897311 0 0 0 0.034574 -0.022232 0.004345 0.999145
1653513852.966233 0 0 0 0.034936 -0.022032 0.003945 0.999139
1653513853.034245 0 0 0 0.035273 -0.021798 0.003952 0.999132
1653513853.104395 0 0 0 0.035321 -0.021883 0.004211 0.999128
1653513853.163599 0 0 0 0.035070 -0.021994 0.003969 0.999135
1653513853.235109 0 0 0 0.035227 -0.022015 0.004028 0.999129
1653513853.298609 0 0 0 0.034947 -0.021996 0.004149 0.999138
1653513853.369650 0 0 0 0.034720 -0.022172 0.004059 0.999143
1653513853.435832 0 0 0 0.035180 -0.022594 0.004267 0.999116
1653513853.508037 0 0 0 0.035240 -0.022669 0.004385 0.999112
1653513853.570781 0 0 0 0.035003 -0.022891 0.004128 0.999116
1653513853.634436 0 0 0 0.034839 -0.022899 0.004159 0.999122
1653513853.701045 0 0 0 0.034423 -0.023270 0.004407 0.999127
1653513853.770620 0 0 0 0.034551 -0.023141 0.004211 0.999126
1653513853.830074 0 0 0 0.034555 -0.022862 0.004213 0.999132
1653513853.898623 0 0 0 0.034842 -0.023274 0.004329 0.999112
1653513853.975509 0 0 0 0.035402 -0.022290 0.004121 0.999116
1653513854.033105 0 0 0 0.035412 -0.022466 0.004082 0.999112
1653513854.101288 0 0 0 0.035406 -0.022223 0.004331 0.999117
1653513854.167916 0 0 0 0.035578 -0.021897 0.003901 0.999119
1653513854.233114 0 0 0 0.035976 -0.021748 0.004040 0.999108
1653513854.301188 0 0 0 0.035929 -0.021910 0.004167 0.999105
1653513854.368437 0 0 0 0.035529 -0.021549 0.004017 0.999128
1653513854.432452 0 0 0 0.035638 -0.022034 0.004116 0.999113
1653513854.506696 0 0 0 0.034825 -0.022304 0.004131 0.999136
1653513854.565224 0 0 0 0.035558 -0.022407 0.004031 0.999108
1653513854.632369 0 0 0 0.035317 -0.022763 0.004092 0.999109
1653513854.704520 0 0 0 0.035361 -0.022791 0.004398 0.999105
1653513854.776515 0 0 0 0.035884 -0.022721 0.004100 0.999089
1653513854.831375 0 0 0 0.034899 -0.022998 0.004133 0.999118
1653513854.899015 0 0 0 0.035542 -0.022871 0.004299 0.999097
1653513854.965354 0 0 0 0.035655 -0.022811 0.004138 0.999095
1653513855.035560 0 0 0 0.034954 -0.022855 0.004150 0.999119
1653513855.096627 0 0 0 0.035211 -0.022222 0.004202 0.999124
1653513855.168428 0 0 0 0.035117 -0.022286 0.003968 0.999127
1653513855.230409 0 0 0 0.035226 -0.022083 0.003962 0.999128
1653513855.300090 0 0 0 0.035228 -0.022158 0.004272 0.999124
1653513855.366406 0 0 0 0.034897 -0.022047 0.003969 0.999140
1653513855.429933 0 0 0 0.035452 -0.021747 0.004064 0.999126
1653513855.511472 0 0 0 0.035024 -0.021988 0.004376 0.999135
1653513855.571517 0 0 0 0.034990 -0.022420 0.004188 0.999127
1653513855.633600 0 0 0 0.035399 -0.022195 0.003957 0.999119
1653513855.700717 0 0 0 0.035785 -0.022587 0.004326 0.999095
1653513855.764212 0 0 0 0.035305 -0.022877 0.004158 0.999106
1653513855.830287 0 0 0 0.035552 -0.022940 0.004153 0.999096
1653513855.896691 0 0 0 0.035331 -0.023119 0.004368 0.999099
1653513855.967573 0 0 0 0.035314 -0.022733 0.004164 0.999109
1653513856.035378 0 0 0 0.035328 -0.022893 0.004028 0.999105
1653513856.095999 0 0 0 0.035485 -0.022824 0.004391 0.999100
1653513856.173753 0 0 0 0.035519 -0.022615 0.004166 0.999104
1653513856.233386 0 0 0 0.035591 -0.022223 0.003908 0.999112
1653513856.298018 0 0 0 0.035357 -0.021988 0.004279 0.999124
1653513856.362695 0 0 0 0.035048 -0.022041 0.004201 0.999134
1653513856.435361 0 0 0 0.034859 -0.022002 0.004051 0.999142
1653513856.499045 0 0 0 0.034516 -0.022036 0.004053 0.999153
1653513856.565383 0 0 0 0.035186 -0.021878 0.004062 0.999133
1653513856.634722 0 0 0 0.035438 -0.021846 0.004181 0.999124
1653513856.699955 0 0 0 0.035154 -0.022315 0.004079 0.999124
1653513856.766160 0 0 0 0.035083 -0.022157 0.004088 0.999130
1653513856.833630 0 0 0 0.034902 -0.022591 0.004127 0.999127
1653513856.899091 0 0 0 0.035213 -0.022705 0.004223 0.999113
1653513856.964242 0 0 0 0.035532 -0.022558 0.004079 0.999106
1653513857.049671 0 0 0 0.035238 -0.022623 0.003932 0.999115
1653513857.097651 0 0 0 0.034955 -0.022411 0.004129 0.999129
1653513857.163702 0 0 0 0.034832 -0.022168 0.004123 0.999139
1653513857.230417 0 0 0 0.035005 -0.022264 0.004176 0.999130
1653513857.303101 0 0 0 0.035157 -0.022181 0.003997 0.999128
1653513857.364346 0 0 0 0.035427 -0.022038 0.003971 0.999121
1653513857.430456 0 0 0 0.035299 -0.022082 0.004102 0.999124
1653513857.503017 0 0 0 0.035269 -0.021909 0.004051 0.999129
1653513857.564959 0 0 0 0.035262 -0.021692 0.003899 0.999135
1653513857.635152 0 0 0 0.034896 -0.021861 0.004073 0.999144
1653513857.703110 0 0 0 0.034933 -0.022122 0.004241 0.999136
1653513857.765144 0 0 0 0.034940 -0.022192 0.003991 0.999135
1653513857.829676 0 0 0 0.035322 -0.022135 0.004084 0.999122
1653513857.899311 0 0 0 0.035254 -0.022582 0.004276 0.999114
1653513857.962775 0 0 0 0.035063 -0.022628 0.004162 0.999120
1653513858.032977 0 0 0 0.034946 -0.022416 0.004143 0.999129
1653513858.096997 0 0 0 0.034972 -0.022350 0.004178 0.999130
1653513858.170600 0 0 0 0.035115 -0.022474 0.004040 0.999122
1653513858.233531 0 0 0 0.035409 -0.022234 0.004093 0.999117
1653513858.304606 0 0 0 0.035190 -0.022197 0.004131 0.999126
1653513858.364469 0 0 0 0.035112 -0.022184 0.003925 0.999129
1653513858.441278 0 0 0 0.034842 -0.021948 0.004037 0.999144
1653513858.497319 0 0 0 0.034899 -0.022135 0.004220 0.999137
1653513858.567526 0 0 0 0.035070 -0.022207 0.003973 0.999130
1653513858.636756 0 0 0 0.035093 -0.022179 0.004045 0.999130
1653513858.703250 0 0 0 0.035231 -0.022153 0.004239 0.999125
1653513858.767317 0 0 0 0.035167 -0.022318 0.003984 0.999124
1653513858.836045 0 0 0 0.035192 -0.022454 0.004089 0.999120
1653513858.903065 0 0 0 0.035038 -0.022559 0.004358 0.999122
1653513858.968975 0 0 0 0.034536 -0.022554 0.004090 0.999141
1653513859.031241 0 0 0 0.034958 -0.022723 0.004064 0.999122
1653513859.103191 0 0 0 0.034879 -0.022453 0.004200 0.999130
1653513859.170794 0 0 0 0.034827 -0.022820 0.004064 0.999125
1653513859.249385 0 0 0 0.034970 -0.023008 0.004139 0.999115
1653513859.296885 0 0 0 0.034806 -0.022743 0.004383 0.999126
1653513859.368138 0 0 0 0.034780 -0.022667 0.004148 0.999129
1653513859.433657 0 0 0 0.034874 -0.023389 0.004392 0.999108
1653513859.501186 0 0 0 0.035381 -0.023654 0.004361 0.999084
1653513859.563443 0 0 0 0.034742 -0.023887 0.004267 0.999102
1653513859.631208 0 0 0 0.034852 -0.024270 0.004265 0.999089
1653513859.696879 0 0 0 0.034054 -0.024082 0.004362 0.999120
1653513859.766879 0 0 0 0.034536 -0.024256 0.003991 0.999101
1653513859.832489 0 0 0 0.034917 -0.024577 0.004406 0.999078
1653513859.897970 0 0 0 0.034734 -0.024570 0.004603 0.999084
1653513859.966319 0 0 0 0.034940 -0.024441 0.004260 0.999081
1653513860.030970 0 0 0 0.034633 -0.024183 0.004298 0.999098
1653513860.095619 0 0 0 0.034782 -0.024199 0.004643 0.999091
1653513860.167348 0 0 0 0.034535 -0.024339 0.004322 0.999098
1653513860.230954 0 0 0 0.034674 -0.024301 0.004334 0.999094
1653513860.301766 0 0 0 0.034849 -0.024226 0.004600 0.999088
1653513860.367156 0 0 0 0.034664 -0.024273 0.004512 0.999094
1653513860.434073 0 0 0 0.034989 -0.024545 0.004624 0.999076
1653513860.502056 0 0 0 0.034744 -0.024369 0.004751 0.999088
1653513860.565343 0 0 0 0.034651 -0.024745 0.004647 0.999082
1653513860.629062 0 0 0 0.034742 -0.024672 0.004799 0.999080
1653513860.699238 0 0 0 0.034408 -0.024707 0.004736 0.999091
1653513860.765764 0 0 0 0.034294 -0.024709 0.004716 0.999095
1653513860.830242 0 0 0 0.034760 -0.024420 0.005101 0.999084
1653513860.903510 0 0 0 0.034572 -0.024058 0.005095 0.999100
1653513860.967038 0 0 0 0.034439 -0.023991 0.004848 0.999107
1653513861.031588 0 0 0 0.034608 -0.023919 0.005080 0.999102
1653513861.099785 0 0 0 0.034612 -0.023832 0.005207 0.999103
1653513861.163967 0 0 0 0.034339 -0.023964 0.004833 0.999111
1653513861.231472 0 0 0 0.034481 -0.023935 0.005216 0.999105
1653513861.298634 0 0 0 0.034769 -0.023859 0.005425 0.999096
1653513861.370302 0 0 0 0.035088 -0.023927 0.005326 0.999084
1653513861.429760 0 0 0 0.035031 -0.024319 0.005762 0.999074
1653513861.499048 0 0 0 0.033988 -0.024132 0.005930 0.999113
1653513861.565461 0 0 0 0.035287 -0.024613 0.006206 0.999055
1653513861.639095 0 0 0 0.034156 -0.024652 0.006300 0.999093
1653513861.697726 0 0 0 0.032957 -0.024347 0.006471 0.999139
1653513861.769304 0 0 0 0.033934 -0.024709 0.006463 0.999098
1653513861.831977 0 0 0 0.035406 -0.024643 0.006713 0.999047
1653513861.899132 0 0 0 0.035530 -0.024090 0.006910 0.999054
1653513861.964353 0 0 0 0.034448 -0.023071 0.007118 0.999115
1653513862.030670 0 0 0 0.032841 -0.023062 0.007159 0.999169
1653513862.096241 0 0 0 0.032916 -0.022895 0.007457 0.999168
1653513862.169127 0 0 0 0.034691 -0.021257 0.007747 0.999142
1653513862.235285 0 0 0 0.039211 -0.021723 0.008397 0.998959
1653513862.302463 0 0 0 0.039779 -0.019900 0.008695 0.998972
1653513862.367840 0 0 0 0.041308 -0.017572 0.008902 0.998952
1653513862.437848 0 0 0 0.042272 -0.015594 0.009892 0.998935
1653513862.497992 0 0 0 0.041497 -0.009303 0.011245 0.999032
1653513862.568815 0 0 0 0.048283 -0.011071 0.010871 0.998713
1653513862.632763 0 0 0 0.050425 -0.007759 0.012121 0.998624
1653513862.701311 0 0 0 0.050770 -0.006021 0.011544 0.998626
1653513862.771338 0 0 0 0.050097 -0.004625 0.010871 0.998674
1653513862.832239 0 0 0 0.048604 -0.007806 0.009634 0.998741
1653513862.903602 0 0 0 0.047292 -0.008592 0.008474 0.998808
1653513862.970968 0 0 0 0.048271 -0.007467 0.007078 0.998781
1653513863.034380 0 0 0 0.047197 -0.006327 0.007053 0.998841
1653513863.102313 0 0 0 0.045107 -0.005807 0.006965 0.998941
1653513863.162632 0 0 0 0.044536 -0.007127 0.006727 0.998960
1653513863.234580 0 0 0 0.047653 -0.004799 0.007082 0.998827
1653513863.302357 0 0 0 0.041729 -0.009882 0.007448 0.999052
1653513863.364892 0 0 0 0.046360 -0.008510 0.008025 0.998856
1653513863.437909 0 0 0 0.046332 -0.010273 0.009627 0.998827
1653513863.507733 0 0 0 0.051417 -0.010451 0.010371 0.998569
1653513863.562348 0 0 0 0.054859 -0.011144 0.011025 0.998371
1653513863.630598 0 0 0 0.061332 -0.009080 0.012596 0.997997
1653513863.697697 0 0 0 0.063032 -0.010854 0.013143 0.997866
1653513863.771250 0 0 0 0.062884 -0.013269 0.013856 0.997836
1653513863.829900 0 0 0 0.061896 -0.013249 0.014592 0.997888
1653513863.902403 0 0 0 0.060422 -0.012968 0.015035 0.997975
1653513863.964615 0 0 0 0.060726 -0.011956 0.015430 0.997964
1653513864.030493 0 0 0 0.058733 -0.012913 0.014848 0.998080
1653513864.097172 0 0 0 0.059169 -0.014172 0.014351 0.998044
1653513864.166029 0 0 0 0.059570 -0.014468 0.013942 0.998022
1653513864.229689 0 0 0 0.057083 -0.011943 0.013820 0.998202
1653513864.305038 0 0 0 0.058928 -0.013352 0.013690 0.998079
1653513864.365798 0 0 0 0.059018 -0.013611 0.013390 0.998074
1653513864.432966 0 0 0 0.056595 -0.014330 0.012506 0.998216
1653513864.501433 0 0 0 0.056914 -0.013697 0.012492 0.998207
1653513864.565764 0 0 0 0.054483 -0.013734 0.011544 0.998354
1653513864.630499 0 0 0 0.056235 -0.011954 0.011372 0.998281
1653513864.704437 0 0 0 0.059515 -0.013407 0.012099 0.998064
1653513864.768269 0 0 0 0.060026 -0.013295 0.011865 0.998038
1653513864.830611 0 0 0 0.060267 -0.013003 0.011665 0.998029
1653513864.903589 0 0 0 0.056883 -0.014413 0.011459 0.998211
1653513864.967633 0 0 0 0.057593 -0.012604 0.012104 0.998187
1653513865.031702 0 0 0 0.055592 -0.013141 0.012271 0.998292
1653513865.097926 0 0 0 0.055445 -0.010334 0.013112 0.998322
1653513865.169437 0 0 0 0.058206 -0.012793 0.013143 0.998136
1653513865.233436 0 0 0 0.055807 -0.011675 0.014714 0.998265
1653513865.300382 0 0 0 0.057646 -0.011243 0.015405 0.998155
1653513865.367792 0 0 0 0.055638 -0.011160 0.014964 0.998276
1653513865.432223 0 0 0 0.054984 -0.009818 0.015894 0.998312
1653513865.500335 0 0 0 0.057701 -0.009159 0.016500 0.998156
1653513865.564555 0 0 0 0.055027 -0.007607 0.016591 0.998318
1653513865.632977 0 0 0 0.053793 -0.006623 0.016754 0.998390
1653513865.698178 0 0 0 0.054753 -0.007573 0.016984 0.998327
1653513865.778384 0 0 0 0.053441 -0.004083 0.016278 0.998430
1653513865.832656 0 0 0 0.049717 -0.004669 0.016151 0.998622
1653513865.903091 0 0 0 0.053086 -0.003764 0.015873 0.998457
1653513865.965579 0 0 0 0.050198 -0.003048 0.013973 0.998637
1653513866.031472 0 0 0 0.049717 -0.001305 0.013695 0.998669
1653513866.099415 0 0 0 0.050993 -0.001912 0.012411 0.998620
1653513866.166000 0 0 0 0.051390 -0.001821 0.011057 0.998616
1653513866.231100 0 0 0 0.053686 -0.001349 0.010148 0.998505
1653513866.299277 0 0 0 0.052240 -0.002378 0.008044 0.998599
1653513866.370405 0 0 0 0.052530 -0.002705 0.008042 0.998583
1653513866.431059 0 0 0 0.053055 -0.001515 0.007154 0.998565
1653513866.501248 0 0 0 0.050615 -0.002253 0.006333 0.998696
1653513866.566031 0 0 0 0.051227 -0.001762 0.006074 0.998667
1653513866.632600 0 0 0 0.052490 -0.001941 0.006174 0.998600
1653513866.697193 0 0 0 0.051440 -0.001058 0.006250 0.998656
1653513866.765480 0 0 0 0.051732 -0.002387 0.007396 0.998631
1653513866.831725 0 0 0 0.052681 -0.002250 0.008511 0.998573
1653513866.896971 0 0 0 0.052223 -0.002909 0.009970 0.998581
1653513866.968637 0 0 0 0.052737 -0.003502 0.011411 0.998537
1653513867.031250 0 0 0 0.052736 -0.005759 0.013624 0.998499
1653513867.101002 0 0 0 0.052661 -0.007205 0.015813 0.998461
1653513867.163150 0 0 0 0.051833 -0.009031 0.017909 0.998454
1653513867.237611 0 0 0 0.052243 -0.010093 0.020395 0.998375
1653513867.298287 0 0 0 0.051079 -0.011359 0.023107 0.998363
1653513867.364534 0 0 0 0.050671 -0.014210 0.025470 0.998289
1653513867.432779 0 0 0 0.052530 -0.015192 0.029127 0.998079
1653513867.502061 0 0 0 0.052262 -0.016697 0.032059 0.997979
1653513867.569360 0 0 0 0.051325 -0.020944 0.034640 0.997861
1653513867.641829 0 0 0 0.053906 -0.019294 0.039288 0.997586
1653513867.699463 0 0 0 0.053511 -0.021983 0.042417 0.997424
1653513867.769660 0 0 0 0.054012 -0.022377 0.046183 0.997221
1653513867.830031 0 0 0 0.053215 -0.024263 0.050552 0.997008
1653513867.905848 0 0 0 0.052068 -0.024514 0.055006 0.996826
1653513867.965460 0 0 0 0.050809 -0.024516 0.059357 0.996641
1653513868.032494 0 0 0 0.050756 -0.023745 0.064804 0.996323
1653513868.102599 0 0 0 0.048458 -0.023703 0.069471 0.996124
1653513868.164652 0 0 0 0.050321 -0.023707 0.074421 0.995674
1653513868.246160 0 0 0 0.046612 -0.023387 0.079807 0.995445
1653513868.299523 0 0 0 0.045655 -0.028261 0.083723 0.995041
1653513868.365393 0 0 0 0.046823 -0.028756 0.089291 0.994489
1653513868.436572 0 0 0 0.046628 -0.032450 0.094764 0.993878
1653513868.505236 0 0 0 0.045924 -0.032663 0.099981 0.993392
1653513868.572783 0 0 0 0.045649 -0.032027 0.105285 0.992877
1653513868.631467 0 0 0 0.044290 -0.033050 0.111549 0.992221
1653513868.703327 0 0 0 0.044492 -0.031879 0.117368 0.991579
1653513868.766669 0 0 0 0.043995 -0.033360 0.123433 0.990816
1653513868.835523 0 0 0 0.041620 -0.032817 0.130181 0.990073
1653513868.896451 0 0 0 0.039667 -0.034030 0.136209 0.989301
1653513868.968374 0 0 0 0.039454 -0.033185 0.142675 0.988426
1653513869.030732 0 0 0 0.036977 -0.034869 0.149479 0.987458
1653513869.098557 0 0 0 0.040110 -0.037457 0.155631 0.986290
1653513869.163927 0 0 0 0.037801 -0.036167 0.161612 0.985467
1653513869.240855 0 0 0 0.035836 -0.040471 0.168131 0.984281
1653513869.313102 0 0 0 0.036241 -0.040462 0.174504 0.983157
1653513869.363366 0 0 0 0.034534 -0.044956 0.181806 0.981699
1653513869.431614 0 0 0 0.036804 -0.044210 0.189135 0.980265
1653513869.497341 0 0 0 0.036635 -0.045500 0.196455 0.978771
1653513869.573490 0 0 0 0.036864 -0.047225 0.204018 0.977132
1653513869.630144 0 0 0 0.036091 -0.049240 0.210906 0.975598
1653513869.705206 0 0 0 0.037167 -0.049755 0.218543 0.973849
1653513869.768122 0 0 0 0.035951 -0.051685 0.226129 0.972061
1653513869.830223 0 0 0 0.036398 -0.052591 0.233817 0.970175
1653513869.903462 0 0 0 0.037453 -0.053047 0.241554 0.968212
1653513869.965940 0 0 0 0.036391 -0.054065 0.249492 0.966181
1653513870.033808 0 0 0 0.037016 -0.053330 0.257879 0.963994
1653513870.103519 0 0 0 0.035907 -0.053618 0.265913 0.961835
1653513870.167924 0 0 0 0.035723 -0.053432 0.274091 0.959554
1653513870.232545 0 0 0 0.034583 -0.053983 0.281984 0.957275
1653513870.300404 0 0 0 0.034275 -0.055277 0.290176 0.954761
1653513870.368822 0 0 0 0.034530 -0.057809 0.297610 0.952310
1653513870.436054 0 0 0 0.033962 -0.060117 0.305343 0.949736
1653513870.496705 0 0 0 0.034903 -0.061685 0.313465 0.946951
1653513870.571258 0 0 0 0.035274 -0.063931 0.320851 0.944311
1653513870.632639 0 0 0 0.035090 -0.067721 0.328748 0.941333
1653513870.700014 0 0 0 0.036206 -0.070057 0.336312 0.938443
1653513870.764750 0 0 0 0.037596 -0.069493 0.343667 0.935762
1653513870.838394 0 0 0 0.034403 -0.073017 0.351760 0.932604
1653513870.909121 0 0 0 0.034753 -0.074367 0.359550 0.929508
1653513870.975767 0 0 0 0.034102 -0.077208 0.367640 0.926130
1653513871.034133 0 0 0 0.032882 -0.078572 0.376473 0.922504
1653513871.101581 0 0 0 0.031166 -0.079462 0.384288 0.919259
1653513871.167867 0 0 0 0.029570 -0.080477 0.393059 0.915507
1653513871.229349 0 0 0 0.027972 -0.080284 0.402241 0.911578
1653513871.302213 0 0 0 0.025627 -0.081921 0.410906 0.907628
1653513871.363810 0 0 0 0.024559 -0.083237 0.419181 0.903745
1653513871.430560 0 0 0 0.023279 -0.085336 0.427691 0.899587
1653513871.497176 0 0 0 0.021319 -0.087715 0.435504 0.895650
1653513871.565643 0 0 0 0.020543 -0.089914 0.443799 0.891367
1653513871.629573 0 0 0 0.020406 -0.089751 0.452588 0.886957
1653513871.698415 0 0 0 0.019437 -0.092294 0.460459 0.882656
1653513871.766287 0 0 0 0.018249 -0.094515 0.468316 0.878302
1653513871.833491 0 0 0 0.017362 -0.096688 0.476464 0.873689
1653513871.903909 0 0 0 0.016154 -0.098637 0.484120 0.869274
1653513871.971492 0 0 0 0.015081 -0.100964 0.491826 0.864688
1653513872.029698 0 0 0 0.014541 -0.102805 0.499812 0.859888
1653513872.100854 0 0 0 0.012603 -0.103359 0.507631 0.855260
1653513872.167223 0 0 0 0.011347 -0.104148 0.515501 0.850461
1653513872.237611 0 0 0 0.010887 -0.105768 0.523506 0.845361
1653513872.303502 0 0 0 0.009703 -0.105870 0.531158 0.840576
1653513872.374022 0 0 0 0.008717 -0.105636 0.538720 0.835790
1653513872.444049 0 0 0 0.007297 -0.107094 0.546772 0.830372
1653513872.515209 0 0 0 0.006469 -0.106193 0.554087 0.825632
1653513872.563255 0 0 0 0.005788 -0.107909 0.561554 0.820353
1653513872.636366 0 0 0 0.005372 -0.107108 0.569457 0.814995
1653513872.702002 0 0 0 0.004381 -0.108113 0.576827 0.809668
1653513872.771106 0 0 0 0.002718 -0.107098 0.584015 0.804642
1653513872.831539 0 0 0 0.001702 -0.107009 0.591799 0.798949
1653513872.897168 0 0 0 0.000883 -0.107640 0.599062 0.793434
1653513872.968732 0 0 0 -0.000939 -0.106536 0.606255 0.788102
1653513873.031112 0 0 0 -0.002284 -0.107994 0.613752 0.782075
1653513873.100875 0 0 0 -0.002160 -0.109486 0.620464 0.776552
1653513873.165546 0 0 0 -0.004679 -0.107894 0.627494 0.771095
1653513873.229306 0 0 0 -0.004813 -0.109093 0.634460 0.765203
1653513873.300628 0 0 0 -0.005054 -0.111140 0.641047 0.759395
1653513873.365919 0 0 0 -0.003724 -0.113880 0.647549 0.753457
1653513873.431028 0 0 0 -0.003971 -0.116534 0.654105 0.747362
1653513873.498055 0 0 0 -0.005276 -0.115632 0.661024 0.741383
1653513873.564364 0 0 0 -0.004377 -0.118791 0.667430 0.735124
1653513873.642577 0 0 0 -0.005435 -0.121185 0.674006 0.728697
1653513873.703024 0 0 0 -0.005398 -0.122819 0.680670 0.722201
1653513873.765577 0 0 0 -0.005823 -0.123176 0.687574 0.715567
1653513873.832784 0 0 0 -0.007345 -0.122550 0.694561 0.708881
1653513873.896221 0 0 0 -0.008886 -0.125355 0.700808 0.702193
1653513873.973640 0 0 0 -0.009897 -0.125359 0.707445 0.695492
1653513874.031149 0 0 0 -0.011990 -0.127262 0.714408 0.687955
1653513874.108098 0 0 0 -0.012910 -0.129454 0.720790 0.680835
1653513874.168770 0 0 0 -0.013037 -0.130235 0.727824 0.673157
1653513874.232446 0 0 0 -0.015332 -0.131358 0.734458 0.665643
1653513874.296462 0 0 0 -0.016568 -0.132804 0.741079 0.657944
1653513874.365143 0 0 0 -0.018136 -0.133281 0.748021 0.649902
1653513874.435312 0 0 0 -0.020129 -0.134731 0.755028 0.641385
1653513874.498658 0 0 0 -0.021918 -0.135147 0.761158 0.633951
1653513874.569461 0 0 0 -0.023602 -0.137002 0.767914 0.625285
1653513874.631362 0 0 0 -0.024600 -0.137143 0.774457 0.617093
1653513874.696851 0 0 0 -0.028155 -0.138644 0.780709 0.608670
1653513874.764948 0 0 0 -0.029139 -0.139704 0.786896 0.600357
1653513874.867787 0 0 0 -0.030122 -0.141911 0.792963 0.591746
1653513874.901891 0 0 0 -0.031125 -0.144176 0.798756 0.583295
1653513874.965815 0 0 0 -0.031725 -0.146339 0.804465 0.574817
1653513875.035802 0 0 0 -0.034897 -0.147352 0.810620 0.565655
1653513875.100229 0 0 0 -0.035534 -0.148960 0.815991 0.557412
1653513875.166584 0 0 0 -0.036917 -0.152471 0.821699 0.547906
1653513875.230190 0 0 0 -0.036328 -0.154183 0.827164 0.539173
1653513875.297440 0 0 0 -0.037443 -0.157351 0.832707 0.529563
1653513875.366253 0 0 0 -0.037814 -0.159269 0.838499 0.519734
1653513875.432688 0 0 0 -0.039701 -0.161783 0.843565 0.510537
1653513875.500009 0 0 0 -0.042233 -0.162286 0.849080 0.500942
1653513875.578625 0 0 0 -0.044199 -0.163293 0.854579 0.490995
1653513875.637029 0 0 0 -0.044502 -0.163379 0.860209 0.481007
1653513875.707253 0 0 0 -0.047736 -0.161790 0.865727 0.471236
1653513875.765076 0 0 0 -0.050477 -0.163968 0.870720 0.460883
1653513875.834352 0 0 0 -0.052758 -0.164961 0.875639 0.450844
1653513875.916858 0 0 0 -0.052307 -0.167551 0.880625 0.440103
1653513875.963279 0 0 0 -0.055344 -0.167877 0.885602 0.429491
1653513876.033558 0 0 0 -0.055433 -0.169325 0.890281 0.419113
1653513876.096165 0 0 0 -0.055282 -0.171625 0.894499 0.409096
1653513876.164909 0 0 0 -0.056292 -0.169339 0.899166 0.399570
1653513876.230244 0 0 0 -0.056245 -0.172917 0.902846 0.389623
1653513876.298138 0 0 0 -0.056364 -0.174639 0.906431 0.380405
1653513876.362382 0 0 0 -0.057798 -0.178525 0.909293 0.371450
1653513876.433843 0 0 0 -0.059121 -0.179530 0.912815 0.361998
1653513876.510473 0 0 0 -0.060668 -0.181413 0.915564 0.353768
1653513876.566903 0 0 0 -0.063214 -0.181448 0.918915 0.344493
1653513876.634415 0 0 0 -0.065159 -0.181099 0.922246 0.335291
1653513876.699419 0 0 0 -0.068401 -0.183215 0.924786 0.326380
1653513876.763440 0 0 0 -0.071976 -0.183318 0.927473 0.317818
1653513876.836455 0 0 0 -0.074556 -0.183451 0.930625 0.307772
1653513876.896385 0 0 0 -0.078556 -0.182943 0.933598 0.297919
1653513876.965442 0 0 0 -0.081565 -0.183717 0.935997 0.288971
1653513877.032739 0 0 0 -0.084105 -0.184222 0.938665 0.279098
1653513877.109972 0 0 0 -0.086197 -0.185439 0.941006 0.269612
1653513877.167998 0 0 0 -0.087717 -0.187658 0.943082 0.260168
1653513877.239477 0 0 0 -0.088673 -0.188152 0.945784 0.249456
1653513877.296705 0 0 0 -0.089662 -0.190646 0.947500 0.240540
1653513877.367857 0 0 0 -0.090537 -0.191843 0.949597 0.230790
1653513877.433291 0 0 0 -0.091605 -0.194593 0.951227 0.221152
1653513877.497392 0 0 0 -0.092577 -0.195792 0.953120 0.211322
1653513877.565230 0 0 0 -0.094066 -0.198226 0.954500 0.201959
1653513877.640513 0 0 0 -0.094263 -0.198748 0.956459 0.191833
1653513877.699689 0 0 0 -0.095637 -0.199772 0.957765 0.183387
1653513877.778719 0 0 0 -0.097848 -0.202548 0.958695 0.174081
1653513877.829206 0 0 0 -0.100462 -0.202616 0.959902 0.165657
1653513877.902032 0 0 0 -0.101607 -0.201485 0.961602 0.156208
1653513877.965994 0 0 0 -0.105215 -0.204157 0.961873 0.148490
1653513878.039754 0 0 0 -0.106320 -0.205384 0.962693 0.140482
1653513878.096757 0 0 0 -0.108772 -0.202020 0.964211 0.132869
1653513878.165966 0 0 0 -0.111276 -0.203997 0.964463 0.125751
1653513878.232930 0 0 0 -0.113309 -0.203658 0.965208 0.118567
1653513878.298282 0 0 0 -0.116004 -0.204654 0.965505 0.111626
1653513878.367886 0 0 0 -0.118216 -0.204333 0.966091 0.104602
1653513878.431064 0 0 0 -0.120291 -0.203271 0.966769 0.097820
1653513878.500417 0 0 0 -0.122734 -0.205114 0.966725 0.091144
1653513878.566923 0 0 0 -0.124376 -0.205426 0.967022 0.084846
1653513878.642068 0 0 0 -0.127998 -0.204525 0.967274 0.078525
1653513878.705272 0 0 0 -0.128767 -0.205650 0.967410 0.072418
1653513878.780272 0 0 0 -0.130953 -0.204388 0.967790 0.066784
1653513878.831492 0 0 0 -0.132999 -0.203906 0.968015 0.060662
1653513878.902559 0 0 0 -0.135063 -0.204894 0.967847 0.055207
1653513878.971527 0 0 0 -0.135283 -0.206622 0.967753 0.049605
1653513879.050267 0 0 0 -0.137080 -0.203522 0.968412 0.044336
1653513879.098614 0 0 0 -0.137804 -0.205627 0.968084 0.039245
1653513879.163282 0 0 0 -0.139636 -0.205380 0.968054 0.034536
1653513879.230593 0 0 0 -0.140453 -0.205187 0.968148 0.029345
1653513879.302191 0 0 0 -0.141750 -0.206405 0.967827 0.024802
1653513879.369355 0 0 0 -0.142717 -0.205805 0.967913 0.020524
1653513879.433436 0 0 0 -0.144034 -0.206362 0.967664 0.017178
1653513879.497450 0 0 0 -0.145675 -0.206145 0.967516 0.013979
1653513879.569110 0 0 0 -0.145515 -0.205749 0.967669 0.010446
1653513879.629093 0 0 0 -0.147465 -0.205191 0.967525 0.006735
1653513879.704885 0 0 0 -0.148699 -0.206444 0.967082 0.004773
1653513879.762330 0 0 0 -0.150355 -0.205746 0.966982 0.002654
1653513879.838869 0 0 0 -0.151311 -0.205226 0.966947 0.000197
1653513879.903188 0 0 0 0.151760 0.203981 -0.967138 0.002080
1653513879.965229 0 0 0 0.153197 0.203315 -0.967048 0.003330
1653513880.034158 0 0 0 0.153606 0.203464 -0.966941 0.005702
1653513880.098266 0 0 0 0.156402 0.203771 -0.966429 0.005612
1653513880.164961 0 0 0 0.157363 0.204596 -0.966091 0.006799
1653513880.235608 0 0 0 0.159294 0.205412 -0.965591 0.008086
1653513880.300675 0 0 0 0.160032 0.204703 -0.965613 0.008861
1653513880.365583 0 0 0 0.162252 0.205782 -0.965009 0.009302
1653513880.441569 0 0 0 0.162495 0.204479 -0.965241 0.009676
1653513880.501678 0 0 0 0.164097 0.205768 -0.964696 0.009659
1653513880.563903 0 0 0 0.164150 0.205025 -0.964837 0.010426
1653513880.644649 0 0 0 0.164968 0.205897 -0.964516 0.010023
1653513880.697919 0 0 0 0.166042 0.206125 -0.964285 0.009821
1653513880.763214 0 0 0 0.166932 0.206844 -0.963975 0.010119
1653513880.831865 0 0 0 0.168261 0.207300 -0.963648 0.009861
1653513880.906491 0 0 0 0.168760 0.207236 -0.963581 0.009212
1653513880.965524 0 0 0 0.169103 0.207860 -0.963384 0.009441
1653513881.034364 0 0 0 0.169563 0.207318 -0.963433 0.008036
1653513881.104473 0 0 0 0.169306 0.207369 -0.963475 0.007080
1653513881.163906 0 0 0 0.170652 0.208018 -0.963102 0.006363
1653513881.232719 0 0 0 0.170243 0.208182 -0.963141 0.006064
1653513881.303974 0 0 0 0.171331 0.208231 -0.962945 0.004748
1653513881.368954 0 0 0 0.171288 0.208505 -0.962898 0.003763
1653513881.434210 0 0 0 0.171558 0.208845 -0.962780 0.002559
1653513881.505788 0 0 0 0.171813 0.209051 -0.962693 0.000544
1653513881.562463 0 0 0 -0.171668 -0.209291 0.962667 0.000004
1653513881.636174 0 0 0 -0.171281 -0.209261 0.962742 0.001113
1653513881.699890 0 0 0 -0.170778 -0.210018 0.962664 0.002316
1653513881.768569 0 0 0 -0.170606 -0.209528 0.962797 0.003687
1653513881.845833 0 0 0 -0.170225 -0.209803 0.962803 0.004027
1653513881.901380 0 0 0 -0.170019 -0.210161 0.962754 0.005515
1653513881.968319 0 0 0 -0.169076 -0.210135 0.962924 0.005857
1653513882.036327 0 0 0 -0.168898 -0.210499 0.962873 0.006191
1653513882.104571 0 0 0 -0.168092 -0.210031 0.963113 0.006780
1653513882.164808 0 0 0 -0.166809 -0.210577 0.963215 0.006951
1653513882.230412 0 0 0 -0.167427 -0.209988 0.963237 0.006876
1653513882.307901 0 0 0 -0.167332 -0.209832 0.963284 0.007314
1653513882.364848 0 0 0 -0.168286 -0.209496 0.963193 0.007121
1653513882.431113 0 0 0 -0.168832 -0.209117 0.963176 0.007634
1653513882.502773 0 0 0 -0.170568 -0.208678 0.962960 0.008194
1653513882.569248 0 0 0 -0.172474 -0.206035 0.963194 0.007751
1653513882.631713 0 0 0 -0.173583 -0.206232 0.962949 0.008147
1653513882.702275 0 0 0 -0.175482 -0.203874 0.963102 0.008725
1653513882.764513 0 0 0 -0.176512 -0.202673 0.963171 0.008297
1653513882.829706 0 0 0 -0.177686 -0.200303 0.963445 0.008952
1653513882.899830 0 0 0 -0.177572 -0.197472 0.964052 0.008818
1653513882.973447 0 0 0 -0.178739 -0.197256 0.963881 0.008726
1653513883.030289 0 0 0 -0.177954 -0.195241 0.964435 0.008902
1653513883.096058 0 0 0 -0.178194 -0.196008 0.964227 0.009665
1653513883.167203 0 0 0 -0.176801 -0.197247 0.964226 0.010124
1653513883.235148 0 0 0 -0.175292 -0.196132 0.964730 0.010058
1653513883.297592 0 0 0 -0.174737 -0.191734 0.965708 0.010650
1653513883.364056 0 0 0 -0.174236 -0.191891 0.965764 0.010906
1653513883.433190 0 0 0 -0.172927 -0.194907 0.965397 0.010755
1653513883.496324 0 0 0 -0.172306 -0.194145 0.965663 0.010643
1653513883.568921 0 0 0 -0.173369 -0.193463 0.965603 0.011227
1653513883.645552 0 0 0 -0.173622 -0.193927 0.965448 0.012560
1653513883.701469 0 0 0 -0.174515 -0.191490 0.965754 0.013983
1653513883.765610 0 0 0 -0.174519 -0.189771 0.966085 0.014464
1653513883.843505 0 0 0 -0.174573 -0.192384 0.965557 0.014575
1653513883.899619 0 0 0 -0.177134 -0.189965 0.965526 0.017214
1653513883.969086 0 0 0 -0.176955 -0.192466 0.965046 0.018152
1653513884.030322 0 0 0 -0.176799 -0.194708 0.964608 0.019012
1653513884.099236 0 0 0 -0.178630 -0.194436 0.964285 0.021005
1653513884.165057 0 0 0 -0.179441 -0.190918 0.964793 0.022944
1653513884.236354 0 0 0 -0.181427 -0.190139 0.964524 0.025010
1653513884.301935 0 0 0 -0.184140 -0.186432 0.964652 0.027964
1653513884.373883 0 0 0 -0.182522 -0.185354 0.965116 0.029666
1653513884.431374 0 0 0 -0.183117 -0.188579 0.964335 0.031045
1653513884.503129 0 0 0 -0.184852 -0.183203 0.964934 0.034181
1653513884.566022 0 0 0 -0.185018 -0.179396 0.965531 0.036528
1653513884.632078 0 0 0 -0.186786 -0.185378 0.964022 0.037519
1653513884.708760 0 0 0 -0.186785 -0.186738 0.963649 0.040266
1653513884.765216 0 0 0 -0.186776 -0.185601 0.963751 0.043020
1653513884.834713 0 0 0 -0.187115 -0.184861 0.963744 0.044861
1653513884.905765 0 0 0 -0.186529 -0.186330 0.963468 0.047086
1653513884.969766 0 0 0 -0.185834 -0.182168 0.964274 0.049556
